6.244868999999999559e+00 5.059015999999999735e+01
6.236736999999999753e+00 5.056566999999999723e+01
6.225772000000000084e+00 5.055461999999999989e+01
6.198564000000000185e+00 5.053643999999999892e+01
6.224097999999999686e+00 5.050142000000000309e+01
6.288643000000000427e+00 5.050851000000000113e+01
6.352672000000000097e+00 5.048930000000000007e+01
6.342716000000000243e+00 5.046307999999999794e+01
6.374988000000000099e+00 5.045542999999999978e+01
6.379622999999999600e+00 5.043990999999999758e+01
6.374254999999999782e+00 5.040746000000000038e+01
6.348200000000000287e+00 5.038085999999999842e+01
6.363744999999999763e+00 5.037075999999999709e+01
6.371298000000000350e+00 5.036003000000000185e+01
6.382884999999999920e+00 5.035575999999999652e+01
6.400737999999999595e+00 5.034606000000000137e+01
6.410264999999999880e+00 5.033592999999999762e+01
6.407384999999999664e+00 5.032271999999999679e+01
6.385116000000000014e+00 5.031949000000000183e+01
6.363487000000000116e+00 5.030331999999999937e+01
6.330325000000000202e+00 5.031815999999999889e+01
6.312674999999999592e+00 5.031871999999999900e+01
6.294222000000000428e+00 5.027743999999999858e+01
6.280230999999999675e+00 5.026574999999999704e+01
6.235549999999999926e+00 5.026010000000000133e+01
6.209592999999999918e+00 5.024956000000000245e+01
6.201696000000000097e+00 5.023852999999999724e+01
6.193628000000000355e+00 5.023534999999999684e+01
6.186333000000000304e+00 5.023633999999999844e+01
6.175690000000000346e+00 5.022041000000000111e+01
6.190538000000000096e+00 5.020530999999999722e+01
6.194228999999999985e+00 5.018146000000000129e+01
6.185387999999999664e+00 5.017705999999999733e+01
6.160582999999999920e+00 5.017101999999999862e+01
6.144103999999999566e+00 5.016832000000000136e+01
6.148996000000000350e+00 5.016156000000000148e+01
6.145563000000000109e+00 5.015639000000000181e+01
6.154660999999999937e+00 5.015033999999999992e+01
6.156721000000000110e+00 5.013994999999999891e+01
6.138353000000000392e+00 5.012866999999999962e+01
6.130456999999999823e+00 5.012872000000000128e+01
6.110102000000000366e+00 5.013589999999999947e+01
6.113119000000000192e+00 5.015572999999999837e+01
6.117925999999999753e+00 5.016293000000000291e+01
6.085719000000000101e+00 5.017103999999999786e+01
6.081790999999999947e+00 5.017040999999999684e+01
6.082305999999999990e+00 5.016210999999999842e+01
6.079988000000000170e+00 5.015594999999999715e+01
6.063766000000000211e+00 5.015198999999999785e+01
6.044025000000000425e+00 5.015634000000000015e+01
6.027031000000000027e+00 5.016425000000000267e+01
6.023940999999999768e+00 5.018124000000000251e+01
6.002997999999999834e+00 5.017497000000000185e+01
5.966520000000000046e+00 5.017172999999999661e+01
5.968837999999999866e+00 5.015469000000000221e+01
5.962231000000000058e+00 5.013076999999999828e+01
5.898799999999999599e+00 5.011198999999999870e+01
5.896912000000000376e+00 5.010164000000000328e+01
5.887205999999999939e+00 5.007697000000000287e+01
5.861339000000000077e+00 5.006743000000000166e+01
5.872879000000000183e+00 5.004561999999999955e+01
5.862064000000000163e+00 5.002875000000000227e+01
5.856886000000000259e+00 5.002329000000000292e+01
5.823526000000000202e+00 5.001066000000000145e+01
5.825243000000000393e+00 4.999985000000000213e+01
5.841541999999999568e+00 4.998969000000000307e+01
5.839000999999999664e+00 4.997858000000000089e+01
5.807457000000000313e+00 4.996170999999999651e+01
5.788674999999999571e+00 4.995976000000000283e+01
5.764790999999999777e+00 4.991505999999999688e+01
5.738983000000000168e+00 4.989766999999999797e+01
5.776663000000000103e+00 4.988656000000000290e+01
5.784988000000000241e+00 4.987937000000000154e+01
5.785931999999999853e+00 4.987167999999999779e+01
5.775633000000000017e+00 4.986614999999999753e+01
5.764045999999999559e+00 4.986648000000000280e+01
5.760269000000000084e+00 4.984651000000000209e+01
5.744219000000000186e+00 4.983471999999999724e+01
5.751511999999999958e+00 4.981985000000000241e+01
5.754734000000000016e+00 4.979514000000000351e+01
5.790899999999999714e+00 4.979764999999999731e+01
5.811766999999999683e+00 4.976729999999999876e+01
5.835443999999999853e+00 4.974712999999999852e+01
5.827022999999999620e+00 4.972616000000000014e+01
5.869959999999999845e+00 4.972776999999999958e+01
5.888166000000000011e+00 4.970951999999999771e+01
5.863722000000000101e+00 4.968213000000000079e+01
5.902747999999999884e+00 4.966854000000000013e+01
5.909314000000000178e+00 4.966593000000000302e+01
5.911589000000000205e+00 4.966268000000000171e+01
5.904335999999999807e+00 4.965129000000000303e+01
5.908763000000000432e+00 4.963875999999999777e+01
5.898756999999999806e+00 4.963331000000000159e+01
5.891168000000000404e+00 4.963468999999999909e+01
5.877771000000000079e+00 4.960770999999999731e+01
5.849789999999999601e+00 4.959575000000000244e+01
5.871419999999999639e+00 4.959056999999999960e+01
5.874939000000000355e+00 4.958389999999999986e+01
5.873737000000000208e+00 4.957381999999999778e+01
5.842756999999999756e+00 4.955299999999999727e+01
5.818583000000000283e+00 4.954610000000000269e+01
5.795039000000000051e+00 4.955028999999999684e+01
5.760971999999999760e+00 4.956078999999999724e+01
5.758551999999999893e+00 4.953846999999999667e+01
5.705079999999999707e+00 4.953813000000000244e+01
5.681132999999999988e+00 4.954498000000000246e+01
5.660275999999999641e+00 4.955138999999999783e+01
5.641479000000000354e+00 4.954547999999999774e+01
5.624141999999999975e+00 4.951863000000000170e+01
5.608863999999999628e+00 4.950280999999999665e+01
5.592384000000000022e+00 4.951762999999999693e+01
5.557879999999999932e+00 4.952564999999999884e+01
5.543288999999999689e+00 4.951350999999999658e+01
5.467070999999999792e+00 4.949488999999999805e+01
5.445441999999999894e+00 4.951729999999999876e+01
5.462132999999999683e+00 4.953676999999999708e+01
5.440292000000000350e+00 4.955037999999999698e+01
5.413856000000000002e+00 4.960280999999999807e+01
5.354460999999999693e+00 4.962583999999999662e+01
5.340900000000000425e+00 4.961493999999999716e+01
5.305538000000000309e+00 4.960882000000000147e+01
5.302603000000000399e+00 4.963607999999999976e+01
5.325345999999999691e+00 4.965749999999999886e+01
5.272236000000000367e+00 4.968862000000000023e+01
5.243739999999999846e+00 4.968318000000000012e+01
5.163573999999999664e+00 4.969205999999999790e+01
5.125359000000000442e+00 4.971240999999999843e+01
5.069142000000000259e+00 4.975945999999999714e+01
4.954761999999999666e+00 4.979196999999999917e+01
4.905885999999999747e+00 4.978054999999999808e+01
4.848269000000000162e+00 4.978972000000000264e+01
4.865993999999999708e+00 4.981918000000000291e+01
4.842659000000000269e+00 4.986912999999999840e+01
4.856588999999999601e+00 4.986972999999999701e+01
4.879605999999999888e+00 4.991078000000000259e+01
4.788267000000000273e+00 4.995678999999999803e+01
4.789012999999999742e+00 4.998049999999999926e+01
4.818705999999999712e+00 5.006667000000000201e+01
4.836918999999999969e+00 5.009353999999999729e+01
4.877601000000000298e+00 5.013222999999999985e+01
4.877417000000000336e+00 5.015095000000000169e+01
4.831688999999999901e+00 5.015259999999999962e+01
4.824455000000000382e+00 5.015966999999999842e+01
4.765714000000000006e+00 5.013436000000000092e+01
4.752169999999999561e+00 5.011157999999999646e+01
4.708618999999999666e+00 5.009445999999999799e+01
4.695293000000000383e+00 4.999521000000000015e+01
4.630735999999999741e+00 4.998584000000000316e+01
4.569764000000000159e+00 4.996911999999999665e+01
4.541987999999999914e+00 4.996690000000000254e+01
4.525468000000000046e+00 4.994821999999999917e+01
4.445882000000000112e+00 4.993656000000000006e+01
4.428735999999999784e+00 4.994156000000000262e+01
4.349205000000000432e+00 4.995201999999999742e+01
4.193686999999999721e+00 4.995400999999999669e+01
4.137043000000000248e+00 4.997690999999999661e+01
4.159957999999999601e+00 4.999544000000000210e+01
4.136834999999999596e+00 5.000786000000000087e+01
4.132723000000000368e+00 5.001973000000000269e+01
4.161736999999999576e+00 5.005031999999999925e+01
4.174584000000000295e+00 5.004771999999999821e+01
4.228574000000000055e+00 5.006873000000000218e+01
4.195285000000000153e+00 5.010571000000000197e+01
4.197636000000000145e+00 5.013410999999999973e+01
4.154480000000000395e+00 5.012716000000000349e+01
4.136559000000000097e+00 5.012908999999999793e+01
4.125683999999999685e+00 5.013510999999999740e+01
4.156608000000000303e+00 5.019514000000000209e+01
4.148196999999999690e+00 5.021349000000000018e+01
4.158667999999999587e+00 5.021596000000000259e+01
4.216689999999999827e+00 5.025905999999999807e+01
4.208707999999999672e+00 5.027047000000000310e+01
4.176521000000000150e+00 5.027463999999999800e+01
4.165671999999999819e+00 5.028779000000000110e+01
4.154892000000000252e+00 5.027908000000000044e+01
4.169374000000000358e+00 5.026847999999999672e+01
4.168510999999999633e+00 5.025625999999999749e+01
4.135150999999999577e+00 5.025632000000000232e+01
4.132282000000000011e+00 5.026753999999999678e+01
4.120988999999999791e+00 5.027393000000000001e+01
4.122189999999999799e+00 5.029706999999999795e+01
4.109573000000000143e+00 5.030134999999999934e+01
4.098672999999999789e+00 5.031226000000000198e+01
4.079189000000000398e+00 5.030841999999999814e+01
4.066571999999999854e+00 5.032567999999999842e+01
4.035673000000000066e+00 5.034311000000000291e+01
4.027375000000000149e+00 5.035490999999999673e+01
3.986113000000000017e+00 5.034136999999999773e+01
3.964821999999999846e+00 5.034011999999999887e+01
3.963550000000000129e+00 5.034741999999999962e+01
3.902233999999999980e+00 5.032569999999999766e+01
3.873453000000000035e+00 5.032748999999999739e+01
3.844270999999999994e+00 5.035291000000000139e+01
3.812084000000000028e+00 5.034212000000000131e+01
3.807707000000000175e+00 5.035061000000000320e+01
3.740244000000000124e+00 5.034622999999999848e+01
3.731754000000000016e+00 5.030704999999999671e+01
3.709859999999999935e+00 5.030239000000000260e+01
3.683081000000000049e+00 5.031981999999999999e+01
3.664283999999999875e+00 5.034743000000000279e+01
3.655872000000000011e+00 5.037116999999999933e+01
3.668445999999999874e+00 5.038591999999999871e+01
3.673124000000000056e+00 5.040263999999999811e+01
3.667765000000000164e+00 5.042262000000000199e+01
3.667431999999999803e+00 5.043634999999999735e+01
3.657537000000000038e+00 5.044590999999999781e+01
3.610638999999999932e+00 5.049356000000000222e+01
3.581618000000000190e+00 5.048917000000000144e+01
3.569955999999999907e+00 5.049835999999999814e+01
3.498801999999999968e+00 5.048606999999999800e+01
3.495197000000000109e+00 5.049940000000000140e+01
3.517084000000000099e+00 5.052047000000000310e+01
3.474199000000000037e+00 5.053204000000000207e+01
3.447394000000000069e+00 5.050415000000000276e+01
3.438721000000000139e+00 5.050681999999999761e+01
3.374048000000000158e+00 5.048993000000000109e+01
3.359499000000000013e+00 5.050386999999999915e+01
3.328342000000000134e+00 5.050730999999999682e+01
3.305190000000000072e+00 5.051928000000000196e+01
3.287336999999999954e+00 5.052575000000000216e+01
3.275485999999999898e+00 5.053871999999999787e+01
3.275212999999999930e+00 5.059196000000000026e+01
3.243284000000000056e+00 5.064036999999999722e+01
3.239551000000000069e+00 5.065865999999999758e+01
3.240187999999999846e+00 5.067022999999999655e+01
3.260965000000000114e+00 5.067707000000000050e+01
3.251996000000000109e+00 5.069059000000000026e+01
3.259249000000000063e+00 5.069319999999999737e+01
3.245179999999999954e+00 5.071224999999999739e+01
3.238005999999999940e+00 5.071097000000000321e+01
3.220282000000000089e+00 5.070960999999999785e+01
3.205646999999999913e+00 5.071110999999999791e+01
3.189527000000000001e+00 5.072603000000000151e+01
3.199253000000000124e+00 5.073521000000000214e+01
3.187183000000000099e+00 5.074029999999999774e+01
3.182688000000000184e+00 5.075032999999999817e+01
3.170885999999999871e+00 5.075869000000000142e+01
3.145093999999999834e+00 5.078931000000000040e+01
3.127841999999999789e+00 5.078611000000000075e+01
3.124858999999999831e+00 5.078641999999999967e+01
3.115438999999999847e+00 5.079377999999999815e+01
3.106254999999999988e+00 5.078293000000000035e+01
3.089475999999999889e+00 5.077291999999999916e+01
3.081278999999999879e+00 5.077212999999999710e+01
3.058834000000000053e+00 5.078027000000000157e+01
3.039950999999999848e+00 5.077445999999999771e+01
3.036910000000000220e+00 5.077002999999999844e+01
3.028235000000000010e+00 5.076856999999999687e+01
3.019454999999999778e+00 5.077262999999999948e+01
2.995357999999999965e+00 5.076042999999999950e+01
2.974575999999999887e+00 5.075039999999999907e+01
2.939618999999999982e+00 5.074441000000000201e+01
2.946021000000000001e+00 5.073167000000000115e+01
2.933221000000000078e+00 5.072764999999999702e+01
2.930130999999999819e+00 5.070915000000000106e+01
2.923179000000000194e+00 5.070246000000000208e+01
2.911677000000000071e+00 5.070349999999999824e+01
2.911162000000000027e+00 5.069404000000000110e+01
2.907423000000000091e+00 5.069209000000000032e+01
2.899446000000000190e+00 5.069265000000000043e+01
2.885456000000000021e+00 5.070600000000000307e+01
2.879490999999999801e+00 5.070244000000000284e+01
2.868545000000000122e+00 5.070241999999999649e+01
2.846455000000000179e+00 5.072043000000000035e+01
2.817048999999999914e+00 5.071450000000000102e+01
2.790011999999999937e+00 5.072460999999999842e+01
2.765893999999999853e+00 5.075377999999999901e+01
2.755765999999999938e+00 5.076219999999999999e+01
2.761172999999999877e+00 5.077098999999999762e+01
2.737912999999999819e+00 5.077989000000000175e+01
2.722377999999999965e+00 5.079563000000000272e+01
2.718344000000000094e+00 5.081250000000000000e+01
2.679377000000000120e+00 5.081287999999999982e+01
2.634573000000000054e+00 5.081244000000000227e+01
2.596077999999999886e+00 5.084989999999999810e+01
2.603931000000000218e+00 5.086057999999999879e+01
2.602901000000000131e+00 5.090498000000000189e+01
2.587108000000000185e+00 5.091754000000000246e+01
2.624791999999999792e+00 5.094742999999999711e+01
2.601356000000000002e+00 5.098814999999999742e+01
2.571949000000000041e+00 5.100151000000000323e+01
2.557542999999999900e+00 5.107103000000000037e+01
2.340724999999999945e+00 5.131452999999999776e+01
3.010780000000000012e+00 5.159839000000000198e+01
3.330573999999999923e+00 5.143560999999999694e+01
3.389280999999999988e+00 5.133628000000000213e+01
3.359221999999999930e+00 5.131490999999999758e+01
3.378896999999999817e+00 5.130250999999999806e+01
3.385479999999999823e+00 5.127570999999999657e+01
3.422413000000000149e+00 5.125825999999999993e+01
3.430909999999999904e+00 5.124783999999999651e+01
3.450305999999999873e+00 5.124219000000000079e+01
3.527003999999999806e+00 5.124651000000000067e+01
3.514330999999999872e+00 5.128799000000000063e+01
3.589910000000000156e+00 5.130624999999999858e+01
3.658204000000000011e+00 5.129055999999999926e+01
3.752689000000000163e+00 5.127067000000000263e+01
3.798007999999999829e+00 5.125961000000000212e+01
3.790026000000000117e+00 5.124571999999999861e+01
3.788737999999999939e+00 5.122708000000000084e+01
3.790798000000000112e+00 5.121515999999999735e+01
3.860320999999999891e+00 5.121338999999999686e+01
3.888902999999999999e+00 5.122355000000000302e+01
3.894223999999999908e+00 5.121871000000000151e+01
3.886070000000000135e+00 5.120085999999999871e+01
3.926464999999999872e+00 5.122082999999999942e+01
3.950871999999999939e+00 5.121822999999999837e+01
4.015511000000000053e+00 5.124824999999999875e+01
4.055102999999999902e+00 5.124401999999999902e+01
4.165098000000000411e+00 5.129379999999999740e+01
4.228343999999999880e+00 5.134384000000000015e+01
4.216947000000000223e+00 5.137434999999999974e+01
4.334836000000000134e+00 5.137783000000000300e+01
4.340843999999999703e+00 5.136028999999999911e+01
4.386377000000000415e+00 5.135517000000000110e+01
4.397963999999999984e+00 5.135687999999999676e+01
4.424572000000000394e+00 5.136641999999999797e+01
4.423086999999999769e+00 5.137577000000000282e+01
4.381465000000000387e+00 5.141805000000000092e+01
4.395775999999999684e+00 5.144243000000000166e+01
4.378351999999999578e+00 5.144646999999999792e+01
4.382342999999999655e+00 5.145165000000000077e+01
4.476498999999999562e+00 5.147860000000000014e+01
4.538641000000000147e+00 5.148272000000000048e+01
4.548854999999999649e+00 5.147335999999999956e+01
4.530658999999999992e+00 5.144950999999999652e+01
4.535808000000000284e+00 5.142367000000000132e+01
4.574346000000000245e+00 5.143352000000000146e+01
4.639578000000000202e+00 5.142484999999999928e+01
4.651422000000000168e+00 5.142725999999999686e+01
4.668846000000000274e+00 5.142676999999999765e+01
4.665841999999999601e+00 5.144454000000000349e+01
4.691677000000000319e+00 5.145358000000000231e+01
4.702577999999999925e+00 5.146726999999999919e+01
4.728842000000000212e+00 5.148438000000000159e+01
4.745407000000000153e+00 5.148955999999999733e+01
4.749451999999999785e+00 5.149904999999999688e+01
4.758274000000000115e+00 5.150301999999999936e+01
4.776603999999999850e+00 5.150625000000000142e+01
4.816658000000000328e+00 5.149551999999999907e+01
4.823179999999999801e+00 5.148440999999999690e+01
4.843549999999999578e+00 5.148176999999999737e+01
4.845285999999999760e+00 5.145817000000000263e+01
4.825210000000000221e+00 5.144673999999999836e+01
4.831034999999999968e+00 5.142488000000000170e+01
4.876384999999999970e+00 5.141761999999999944e+01
4.929084999999999717e+00 5.145700000000000074e+01
4.957667999999999964e+00 5.145479999999999876e+01
4.941341999999999679e+00 5.142927999999999855e+01
4.937751999999999697e+00 5.140655000000000285e+01
4.960067999999999699e+00 5.142193999999999932e+01
4.999545000000000350e+00 5.144324000000000296e+01
5.008155999999999608e+00 5.147133999999999787e+01
5.029677999999999649e+00 5.148839000000000254e+01
5.040930000000000355e+00 5.148760000000000048e+01
5.047217999999999982e+00 5.147216999999999842e+01
5.080322999999999922e+00 5.147225999999999857e+01
5.106434000000000140e+00 5.143135000000000190e+01
5.072699000000000069e+00 5.139365000000000094e+01
5.116622999999999699e+00 5.136117999999999739e+01
5.132251000000000118e+00 5.134720000000000084e+01
5.135806999999999789e+00 5.131593999999999767e+01
5.155916999999999639e+00 5.131277999999999651e+01
5.200394000000000183e+00 5.132325000000000159e+01
5.243255999999999695e+00 5.130570000000000164e+01
5.227422999999999931e+00 5.126843999999999824e+01
5.237997000000000014e+00 5.126254999999999740e+01
5.262160999999999866e+00 5.126778000000000191e+01
5.334998999999999825e+00 5.126474000000000331e+01
5.344928000000000345e+00 5.127680999999999756e+01
5.415511000000000408e+00 5.126389999999999958e+01
5.440654999999999575e+00 5.128246000000000038e+01
5.482146000000000186e+00 5.130064000000000135e+01
5.516281000000000212e+00 5.129599000000000331e+01
5.558164999999999800e+00 5.126612999999999687e+01
5.562834999999999752e+00 5.122287000000000035e+01
5.652534000000000169e+00 5.119899000000000200e+01
5.661305999999999727e+00 5.118704000000000320e+01
5.710315999999999725e+00 5.118623000000000189e+01
5.746192999999999884e+00 5.119086000000000070e+01
5.780009999999999870e+00 5.118030999999999864e+01
5.781039999999999957e+00 5.115825000000000244e+01
5.825936999999999699e+00 5.116826999999999970e+01
5.857090999999999603e+00 5.114477000000000118e+01
5.841680000000000206e+00 5.113078000000000145e+01
5.814350000000000129e+00 5.111524000000000001e+01
5.835548000000000179e+00 5.110842000000000240e+01
5.833796999999999677e+00 5.109577000000000169e+01
5.822909000000000113e+00 5.109123999999999910e+01
5.811901999999999902e+00 5.109429999999999694e+01
5.798155999999999644e+00 5.109022999999999826e+01
5.806117000000000417e+00 5.107954999999999757e+01
5.800309000000000381e+00 5.105825999999999709e+01
5.777308999999999806e+00 5.105803999999999832e+01
5.760273999999999894e+00 5.103222999999999843e+01
5.773832999999999771e+00 5.102859000000000123e+01
5.778287999999999869e+00 5.102398999999999774e+01
5.767585999999999657e+00 5.100525999999999982e+01
5.768463999999999814e+00 5.099849999999999994e+01
5.751171000000000255e+00 5.098252999999999702e+01
5.721740999999999744e+00 5.096128000000000213e+01
5.734689999999999621e+00 5.095682999999999652e+01
5.742596999999999952e+00 5.096112999999999715e+01
5.746039999999999814e+00 5.096209000000000344e+01
5.755419999999999980e+00 5.095985999999999905e+01
5.760697999999999652e+00 5.095259000000000071e+01
5.732234000000000052e+00 5.092210000000000036e+01
5.724906999999999968e+00 5.090823000000000320e+01
5.702848000000000361e+00 5.090563000000000216e+01
5.697354999999999947e+00 5.089804999999999779e+01
5.680513999999999619e+00 5.088067999999999813e+01
5.645159999999999734e+00 5.086533000000000015e+01
5.643368999999999858e+00 5.084973999999999705e+01
5.640493000000000201e+00 5.084700999999999738e+01
5.645763999999999783e+00 5.083961000000000041e+01
5.644912999999999847e+00 5.083767999999999887e+01
5.650921000000000305e+00 5.083431999999999817e+01
5.655681999999999654e+00 5.082591000000000037e+01
5.702958999999999889e+00 5.080821000000000254e+01
5.702588000000000434e+00 5.078396000000000043e+01
5.692037000000000013e+00 5.075628999999999991e+01
5.721802000000000277e+00 5.076538000000000039e+01
5.737618000000000329e+00 5.075842000000000098e+01
5.739122000000000057e+00 5.076521999999999935e+01
5.764757000000000353e+00 5.078370000000000317e+01
5.777478999999999587e+00 5.078343999999999880e+01
5.792696000000000289e+00 5.077138000000000062e+01
5.807590000000000252e+00 5.075681000000000154e+01
5.845248999999999917e+00 5.076608999999999838e+01
5.849008999999999681e+00 5.075974999999999682e+01
5.886669000000000374e+00 5.077107999999999777e+01
5.896887999999999685e+00 5.075500999999999863e+01
5.958962999999999788e+00 5.076308000000000220e+01
6.020013999999999754e+00 5.075520999999999816e+01
6.042082999999999871e+00 5.074557000000000073e+01
6.039527999999999786e+00 5.072950000000000159e+01
6.116234000000000393e+00 5.072364000000000317e+01
6.149104000000000347e+00 5.068464999999999776e+01
6.163120000000000154e+00 5.067168999999999812e+01
6.166184000000000331e+00 5.066241999999999734e+01
6.194916000000000089e+00 5.066546000000000305e+01
6.197575999999999752e+00 5.065787000000000262e+01
6.187104999999999855e+00 5.065117999999999654e+01
6.184358999999999718e+00 5.064480999999999966e+01
6.185795999999999850e+00 5.064139999999999731e+01
6.191676000000000180e+00 5.064003000000000299e+01
6.197683999999999749e+00 5.064150000000000063e+01
6.202425999999999995e+00 5.063976999999999862e+01
6.223154000000000075e+00 5.064142999999999972e+01
6.227102000000000359e+00 5.065095999999999776e+01
6.266498999999999597e+00 5.064285000000000281e+01
6.273750999999999856e+00 5.063181999999999761e+01
6.275189000000000128e+00 5.062921999999999656e+01
6.270018000000000313e+00 5.062536999999999665e+01
6.270533000000000357e+00 5.061914000000000158e+01
6.244868999999999559e+00 5.059015999999999735e+01
