1.884590000000000032e+01 4.952465000000000117e+01
1.885539999999999949e+01 4.951807999999999765e+01
1.885284000000000049e+01 4.951523999999999859e+01
1.877897000000000105e+01 4.950215000000000032e+01
1.875322999999999851e+01 4.948447999999999780e+01
1.867024999999999935e+01 4.949945000000000306e+01
1.862546999999999997e+01 4.949067000000000149e+01
1.856867000000000090e+01 4.950140999999999991e+01
1.855711000000000155e+01 4.946916999999999831e+01
1.836954000000000065e+01 4.931313999999999709e+01
1.818635000000000090e+01 4.924333000000000027e+01
1.808351000000000042e+01 4.900207000000000335e+01
1.793756000000000128e+01 4.901158000000000214e+01
1.789455999999999847e+01 4.892011999999999716e+01
1.764095999999999975e+01 4.883111000000000246e+01
1.755483999999999867e+01 4.880033999999999850e+01
1.745136000000000109e+01 4.882171999999999912e+01
1.737726999999999933e+01 4.879652999999999707e+01
1.719831999999999894e+01 4.885842999999999847e+01
1.696089999999999876e+01 4.861008000000000351e+01
1.692492000000000019e+01 4.861558000000000135e+01
1.691347000000000023e+01 4.862207000000000079e+01
1.691741999999999990e+01 4.866792999999999836e+01
1.690471000000000146e+01 4.867748999999999882e+01
1.690833999999999904e+01 4.869411000000000200e+01
1.689244000000000057e+01 4.871144000000000318e+01
1.679672000000000054e+01 4.870338000000000278e+01
1.676100999999999885e+01 4.871197000000000088e+01
1.671957000000000093e+01 4.873373999999999739e+01
1.668346000000000018e+01 4.872352000000000061e+01
1.666659999999999897e+01 4.873575999999999908e+01
1.667631000000000085e+01 4.875515000000000043e+01
1.664498999999999995e+01 4.878114999999999668e+01
1.662460000000000093e+01 4.877447999999999695e+01
1.657207999999999970e+01 4.878334000000000259e+01
1.654063000000000017e+01 4.880778000000000105e+01
1.651931000000000083e+01 4.879467000000000354e+01
1.646610000000000085e+01 4.880013000000000289e+01
1.643377999999999872e+01 4.875401999999999703e+01
1.637994000000000128e+01 4.871983000000000175e+01
1.606377000000000166e+01 4.874479999999999791e+01
1.593955000000000055e+01 4.880062999999999818e+01
1.593768999999999991e+01 4.881266000000000105e+01
1.582807000000000031e+01 4.886025999999999669e+01
1.578996000000000066e+01 4.886661000000000143e+01
1.576060000000000016e+01 4.884521000000000157e+01
1.567977999999999916e+01 4.885078000000000031e+01
1.560913000000000039e+01 4.888645000000000351e+01
1.556875999999999927e+01 4.889050999999999902e+01
1.549629999999999974e+01 4.891284999999999883e+01
1.549064000000000085e+01 4.893343000000000131e+01
1.541503999999999941e+01 4.894827000000000083e+01
1.535901999999999923e+01 4.897977999999999810e+01
1.532504999999999917e+01 4.897108000000000061e+01
1.529208999999999996e+01 4.897675000000000267e+01
1.526914000000000016e+01 4.895170999999999850e+01
1.517280000000000051e+01 4.893663999999999703e+01
1.514921999999999969e+01 4.894136000000000308e+01
1.514619000000000071e+01 4.898526999999999987e+01
1.506015000000000015e+01 4.899517000000000166e+01
1.505954000000000015e+01 4.900744999999999862e+01
1.501138000000000083e+01 4.900898999999999717e+01
1.500075999999999965e+01 4.898447000000000173e+01
1.498565999999999931e+01 4.896267000000000280e+01
1.499502000000000024e+01 4.893363999999999692e+01
1.500624000000000002e+01 4.889802999999999855e+01
1.499128999999999934e+01 4.887002999999999986e+01
1.499579999999999913e+01 4.883984000000000236e+01
1.496452000000000027e+01 4.879413999999999874e+01
1.498889999999999922e+01 4.877942000000000178e+01
1.498921999999999954e+01 4.876697999999999666e+01
1.495800000000000018e+01 4.875059999999999860e+01
1.483023000000000025e+01 4.877568999999999733e+01
1.481752999999999965e+01 4.872910999999999859e+01
1.474981000000000009e+01 4.868974000000000046e+01
1.472408000000000072e+01 4.865863999999999834e+01
1.472995000000000054e+01 4.863790999999999798e+01
1.472231999999999985e+01 4.861847000000000207e+01
1.472752000000000017e+01 4.859897999999999740e+01
1.470781999999999989e+01 4.857759000000000071e+01
1.466037000000000035e+01 4.857735999999999876e+01
1.464846999999999966e+01 4.860237999999999658e+01
1.462256000000000000e+01 4.859756000000000142e+01
1.460906999999999911e+01 4.862149999999999750e+01
1.456536999999999971e+01 4.859693000000000040e+01
1.449890000000000079e+01 4.861086999999999847e+01
1.447246999999999950e+01 4.863909999999999911e+01
1.445482999999999940e+01 4.863915999999999684e+01
1.446155000000000079e+01 4.862474999999999881e+01
1.444810000000000016e+01 4.859429999999999694e+01
1.442838000000000065e+01 4.858341999999999672e+01
1.439554000000000045e+01 4.858986000000000161e+01
1.439686999999999983e+01 4.857238000000000255e+01
1.437842999999999982e+01 4.856277999999999651e+01
1.436241000000000057e+01 4.856752000000000180e+01
1.435228000000000037e+01 4.855069000000000301e+01
1.431860999999999962e+01 4.854292000000000229e+01
1.431243000000000087e+01 4.855872000000000099e+01
1.429443999999999981e+01 4.856293999999999755e+01
1.413256999999999941e+01 4.858986999999999767e+01
1.410238999999999976e+01 4.858496999999999844e+01
1.406446000000000041e+01 4.859114999999999895e+01
1.403491999999999962e+01 4.861131999999999920e+01
1.400154000000000032e+01 4.864039999999999964e+01
1.402396000000000065e+01 4.865793000000000035e+01
1.404931000000000019e+01 4.865957000000000221e+01
1.405207000000000050e+01 4.867083000000000226e+01
1.402871999999999986e+01 4.867367000000000132e+01
1.394008000000000003e+01 4.871361999999999881e+01
1.379616000000000042e+01 4.877458000000000027e+01
1.373230000000000040e+01 4.887122000000000099e+01
1.366319999999999979e+01 4.887246999999999986e+01
1.361553999999999931e+01 4.892918000000000234e+01
1.357408000000000037e+01 4.895797000000000310e+01
1.352214000000000027e+01 4.896392000000000166e+01
1.351498999999999917e+01 4.893386999999999887e+01
1.349258999999999986e+01 4.893574999999999875e+01
1.339141000000000048e+01 4.898190999999999917e+01
1.339012999999999920e+01 4.902801999999999794e+01
1.327927000000000035e+01 4.911522999999999683e+01
1.323239000000000054e+01 4.910701000000000249e+01
1.317900999999999989e+01 4.912322999999999951e+01
1.316137999999999941e+01 4.914162999999999926e+01
1.315470999999999968e+01 4.917497999999999791e+01
1.311420000000000030e+01 4.919294000000000011e+01
1.307083000000000084e+01 4.923631999999999920e+01
1.301792999999999978e+01 4.926089000000000340e+01
1.301936000000000071e+01 4.929135999999999740e+01
1.295503000000000071e+01 4.933174999999999955e+01
1.289689000000000085e+01 4.934416999999999831e+01
1.289689000000000085e+01 4.932522999999999769e+01
1.278059999999999974e+01 4.933485999999999905e+01
1.270453000000000010e+01 4.941243999999999659e+01
1.265130000000000088e+01 4.942889000000000266e+01
1.262667000000000073e+01 4.947843000000000302e+01
1.263668000000000013e+01 4.952237999999999829e+01
1.259473999999999982e+01 4.952732999999999919e+01
1.256520000000000081e+01 4.955422999999999689e+01
1.256805999999999912e+01 4.958729999999999905e+01
1.255090000000000039e+01 4.961200999999999794e+01
1.252563999999999922e+01 4.961139000000000010e+01
1.250609999999999999e+01 4.964504000000000161e+01
1.251182000000000016e+01 4.967342000000000013e+01
1.244119000000000064e+01 4.969026999999999816e+01
1.238887000000000072e+01 4.974898000000000309e+01
1.239661000000000080e+01 4.976688000000000045e+01
1.245856000000000030e+01 4.978887000000000285e+01
1.245368000000000031e+01 4.981662000000000035e+01
1.253693999999999953e+01 4.991830000000000211e+01
1.249085000000000001e+01 4.992351000000000028e+01
1.245654000000000039e+01 4.994621000000000066e+01
1.248371000000000031e+01 4.997104000000000212e+01
1.246130999999999922e+01 4.998942999999999870e+01
1.243318999999999974e+01 4.997686999999999813e+01
1.224924000000000035e+01 5.005311999999999983e+01
1.218919999999999959e+01 5.010537000000000063e+01
1.218122999999999934e+01 5.018968000000000274e+01
1.208477000000000068e+01 5.024345000000000283e+01
1.208954999999999913e+01 5.026664000000000243e+01
1.212747000000000064e+01 5.027819999999999823e+01
1.208863000000000021e+01 5.032710999999999757e+01
1.218155999999999928e+01 5.033075999999999794e+01
1.221444999999999936e+01 5.030763000000000318e+01
1.221110999999999969e+01 5.028023000000000309e+01
1.226543999999999990e+01 5.027414000000000271e+01
1.227591999999999928e+01 5.025433999999999912e+01
1.226210000000000022e+01 5.024184999999999945e+01
1.228879000000000055e+01 5.023118000000000194e+01
1.230071000000000048e+01 5.022019999999999840e+01
1.229213000000000022e+01 5.019518999999999664e+01
1.230927999999999933e+01 5.018023999999999774e+01
1.232405999999999935e+01 5.019091999999999842e+01
1.231569999999999965e+01 5.020973999999999648e+01
1.232738999999999940e+01 5.025007000000000090e+01
1.236149999999999949e+01 5.029587000000000074e+01
1.239630999999999972e+01 5.033518999999999721e+01
1.251087000000000060e+01 5.040462999999999738e+01
1.261666999999999916e+01 5.042072000000000287e+01
1.269624999999999915e+01 5.042224000000000217e+01
1.282301999999999964e+01 5.047321999999999775e+01
1.293417999999999957e+01 5.042273000000000138e+01
1.300459000000000032e+01 5.044592000000000098e+01
1.302364999999999995e+01 5.051505999999999830e+01
1.304795999999999978e+01 5.051567000000000007e+01
1.306178000000000061e+01 5.050596999999999781e+01
1.310084999999999944e+01 5.050748000000000104e+01
1.312753999999999976e+01 5.052355000000000018e+01
1.314803000000000033e+01 5.051567000000000007e+01
1.318234999999999957e+01 5.051203000000000287e+01
1.322284999999999933e+01 5.059197000000000344e+01
1.326670000000000016e+01 5.060345999999999833e+01
1.328861999999999988e+01 5.059468999999999994e+01
1.329576999999999920e+01 5.058138000000000289e+01
1.331339999999999968e+01 5.058471000000000117e+01
1.331531000000000020e+01 5.060920999999999736e+01
1.336312000000000033e+01 5.062769999999999726e+01
1.336260000000000048e+01 5.065525999999999840e+01
1.339536999999999978e+01 5.065637000000000256e+01
1.342172000000000054e+01 5.062371999999999872e+01
1.345930000000000071e+01 5.061113000000000284e+01
1.353261999999999965e+01 5.067690999999999946e+01
1.351356000000000002e+01 5.070770000000000266e+01
1.354452999999999996e+01 5.072037000000000262e+01
1.359647999999999968e+01 5.071795999999999793e+01
1.365413999999999994e+01 5.074119000000000312e+01
1.369453000000000031e+01 5.072357000000000227e+01
1.372086000000000006e+01 5.073727000000000231e+01
1.380188000000000059e+01 5.074089000000000027e+01
1.383238000000000056e+01 5.073033000000000214e+01
1.385144000000000020e+01 5.073183999999999827e+01
1.385572999999999944e+01 5.074419999999999931e+01
1.386811999999999934e+01 5.074873000000000189e+01
1.388432000000000066e+01 5.074389999999999645e+01
1.389624000000000059e+01 5.075023000000000195e+01
1.388156000000000034e+01 5.077031999999999812e+01
1.389099000000000039e+01 5.080145999999999873e+01
1.393579000000000079e+01 5.079663999999999646e+01
1.395675999999999917e+01 5.081922999999999746e+01
1.400549999999999962e+01 5.082587000000000188e+01
1.404491999999999940e+01 5.081591999999999842e+01
1.422410999999999959e+01 5.087248999999999910e+01
1.422649000000000008e+01 5.089023000000000252e+01
1.427177000000000007e+01 5.089954999999999785e+01
1.429607000000000028e+01 5.089142999999999972e+01
1.433705999999999925e+01 5.089744999999999919e+01
1.434754000000000040e+01 5.090525999999999840e+01
1.437279999999999980e+01 5.090315999999999974e+01
1.438899999999999935e+01 5.093019999999999925e+01
1.431323000000000079e+01 5.094942000000000348e+01
1.425369000000000064e+01 5.098521999999999821e+01
1.425243000000000038e+01 5.100981999999999772e+01
1.427406000000000041e+01 5.104887999999999693e+01
1.431132000000000026e+01 5.106425999999999732e+01
1.434229999999999983e+01 5.104749000000000336e+01
1.436088999999999949e+01 5.105257999999999896e+01
1.439090999999999987e+01 5.104059999999999775e+01
1.439520000000000088e+01 5.102920999999999907e+01
1.441663999999999923e+01 5.102470999999999890e+01
1.445334000000000074e+01 5.104449000000000325e+01
1.451576999999999984e+01 5.105078999999999922e+01
1.450957000000000008e+01 5.102561000000000035e+01
1.457248000000000054e+01 5.101782000000000039e+01
1.460917000000000066e+01 5.099022999999999683e+01
1.459201999999999977e+01 5.094641000000000020e+01
1.457152999999999921e+01 5.092658999999999736e+01
1.458106000000000080e+01 5.092027999999999821e+01
1.465826000000000029e+01 5.094100999999999857e+01
1.466588999999999920e+01 5.090496000000000265e+01
1.463244000000000078e+01 5.086057999999999879e+01
1.478454999999999941e+01 5.082856000000000307e+01
1.481617999999999924e+01 5.087910000000000110e+01
1.484840999999999944e+01 5.087700000000000244e+01
1.486365999999999943e+01 5.088481999999999772e+01
1.496231000000000044e+01 5.087008999999999759e+01
1.498851999999999940e+01 5.087429999999999808e+01
1.498375000000000057e+01 5.092539000000000016e+01
1.500139000000000067e+01 5.094160999999999717e+01
1.500567000000000029e+01 5.097852999999999923e+01
1.498614000000000068e+01 5.097312999999999761e+01
1.495564000000000071e+01 5.099052999999999969e+01
1.498137000000000008e+01 5.101601999999999748e+01
1.501257999999999981e+01 5.102505000000000024e+01
1.502579000000000065e+01 5.103170999999999680e+01
1.506048000000000009e+01 5.102920999999999907e+01
1.512100000000000044e+01 5.101122000000000156e+01
1.517342000000000013e+01 5.102620999999999896e+01
1.518247999999999998e+01 5.099862999999999857e+01
1.524442999999999948e+01 5.100672999999999746e+01
1.528547000000000011e+01 5.098199000000000325e+01
1.530377000000000010e+01 5.094648000000000110e+01
1.527970000000000006e+01 5.092689000000000021e+01
1.530591000000000079e+01 5.087700000000000244e+01
1.537644000000000055e+01 5.085504999999999853e+01
1.538537999999999961e+01 5.080404000000000053e+01
1.538097999999999921e+01 5.078275000000000006e+01
1.540529000000000082e+01 5.079214999999999947e+01
1.542145999999999972e+01 5.080756000000000228e+01
1.544691000000000081e+01 5.081555000000000177e+01
1.552464999999999939e+01 5.078972000000000264e+01
1.561996000000000073e+01 5.077976999999999919e+01
1.570002999999999993e+01 5.075204000000000093e+01
1.583346000000000053e+01 5.076590999999999809e+01
1.587540000000000084e+01 5.068657000000000323e+01
1.596832999999999991e+01 5.070407999999999760e+01
1.600758000000000081e+01 5.068556999999999846e+01
1.603218999999999994e+01 5.063067999999999813e+01
1.609909999999999997e+01 5.067376000000000147e+01
1.619358000000000075e+01 5.064289000000000129e+01
1.622786999999999935e+01 5.068231999999999715e+01
1.635610000000000142e+01 5.067419000000000295e+01
1.645814000000000021e+01 5.058680999999999983e+01
1.641344000000000136e+01 5.052020999999999873e+01
1.633481000000000094e+01 5.047655999999999921e+01
1.622852999999999923e+01 5.043287000000000120e+01
1.628524000000000171e+01 5.038215000000000288e+01
1.631213999999999942e+01 5.039023000000000252e+01
1.637055000000000149e+01 5.038488000000000255e+01
1.637790999999999997e+01 5.034705000000000297e+01
1.640009999999999835e+01 5.032923999999999864e+01
1.643488999999999933e+01 5.033440999999999832e+01
1.651923999999999992e+01 5.026926999999999879e+01
1.657309000000000054e+01 5.023147999999999769e+01
1.656494999999999962e+01 5.019736999999999938e+01
1.657627000000000095e+01 5.018209999999999837e+01
1.660264000000000095e+01 5.014757000000000176e+01
1.664028000000000063e+01 5.012039000000000044e+01
1.670223999999999975e+01 5.010387999999999664e+01
1.679478999999999900e+01 5.019136000000000308e+01
1.684424999999999883e+01 5.021105000000000018e+01
1.694433000000000078e+01 5.023635999999999768e+01
1.701401999999999859e+01 5.027103000000000321e+01
1.700919999999999987e+01 5.029032000000000124e+01
1.694290000000000163e+01 5.030915999999999855e+01
1.689623999999999882e+01 5.038101999999999947e+01
1.685106000000000037e+01 5.040843000000000274e+01
1.687595999999999918e+01 5.044491000000000014e+01
1.690748999999999924e+01 5.045233999999999952e+01
1.705523000000000167e+01 5.041606000000000165e+01
1.709926000000000101e+01 5.040863000000000227e+01
1.711485000000000056e+01 5.040559999999999974e+01
1.712121000000000137e+01 5.039934000000000225e+01
1.713297000000000025e+01 5.039343999999999824e+01
1.714460000000000051e+01 5.038602000000000203e+01
1.719469000000000136e+01 5.039394999999999669e+01
1.721395000000000053e+01 5.038474999999999682e+01
1.721133999999999986e+01 5.037471000000000032e+01
1.720675999999999917e+01 5.036880000000000024e+01
1.727956999999999965e+01 5.032554999999999978e+01
1.734990000000000165e+01 5.033079000000000036e+01
1.735340000000000060e+01 5.032263999999999982e+01
1.734393000000000029e+01 5.031882000000000232e+01
1.734242000000000061e+01 5.031551999999999936e+01
1.736019999999999897e+01 5.030863999999999692e+01
1.735016999999999854e+01 5.028264000000000067e+01
1.734822000000000131e+01 5.027324000000000126e+01
1.735285000000000011e+01 5.026847999999999672e+01
1.735961999999999961e+01 5.026917999999999864e+01
1.736204999999999998e+01 5.028560000000000230e+01
1.740671000000000035e+01 5.028282000000000096e+01
1.742807000000000173e+01 5.027761999999999887e+01
1.743643000000000143e+01 5.025600000000000023e+01
1.744605999999999923e+01 5.025525999999999982e+01
1.745543999999999940e+01 5.027400000000000091e+01
1.759197999999999951e+01 5.028106999999999971e+01
1.761127000000000109e+01 5.026944999999999908e+01
1.764526000000000039e+01 5.028092000000000183e+01
1.768292999999999893e+01 5.030187000000000097e+01
1.768412000000000006e+01 5.033030000000000115e+01
1.772340000000000160e+01 5.032283999999999935e+01
1.773228999999999900e+01 5.030548000000000286e+01
1.775242000000000075e+01 5.030290000000000106e+01
1.775619000000000014e+01 5.029561999999999955e+01
1.772798999999999836e+01 5.026147000000000276e+01
1.774749999999999872e+01 5.024866999999999706e+01
1.777063000000000059e+01 5.023592000000000013e+01
1.775901999999999958e+01 5.020000000000000284e+01
1.772025999999999968e+01 5.020035000000000025e+01
1.770842000000000027e+01 5.018251000000000062e+01
1.759757000000000104e+01 5.015878000000000014e+01
1.764246999999999943e+01 5.013233000000000317e+01
1.765214999999999890e+01 5.011234999999999928e+01
1.767554000000000158e+01 5.010594999999999999e+01
1.768202000000000140e+01 5.012116000000000327e+01
1.771143000000000001e+01 5.011621000000000237e+01
1.775785000000000124e+01 5.007717000000000240e+01
1.778614999999999924e+01 5.002689000000000163e+01
1.783881999999999834e+01 5.000932999999999851e+01
1.783905999999999992e+01 4.999555000000000149e+01
1.788758999999999943e+01 4.998357000000000028e+01
1.792019000000000162e+01 4.998503000000000185e+01
1.795236999999999838e+01 5.000686000000000320e+01
1.800478000000000023e+01 5.002094999999999914e+01
1.802633000000000152e+01 5.001294999999999646e+01
1.804217999999999833e+01 5.003256999999999977e+01
1.800840000000000174e+01 5.002852000000000032e+01
1.800184000000000140e+01 5.003417999999999921e+01
1.800180999999999898e+01 5.005472999999999928e+01
1.803519000000000005e+01 5.006913999999999731e+01
1.806546000000000163e+01 5.006027999999999878e+01
1.809149999999999991e+01 5.004583999999999833e+01
1.808980000000000032e+01 5.003399999999999892e+01
1.810632999999999981e+01 5.002315000000000111e+01
1.809665999999999997e+01 5.001429999999999865e+01
1.811814000000000036e+01 4.999696000000000140e+01
1.813102999999999909e+01 5.000148999999999688e+01
1.815721999999999881e+01 4.998776000000000153e+01
1.816860000000000142e+01 5.000276999999999816e+01
1.821071999999999846e+01 4.999951000000000079e+01
1.822174000000000049e+01 4.997352999999999668e+01
1.828166999999999831e+01 4.996811000000000291e+01
1.828528000000000020e+01 4.993856000000000250e+01
1.832027000000000072e+01 4.991942000000000235e+01
1.833123000000000147e+01 4.995170999999999850e+01
1.843100000000000094e+01 4.994174000000000291e+01
1.849841999999999942e+01 4.990816999999999837e+01
1.853337000000000145e+01 4.990482000000000085e+01
1.853781000000000034e+01 4.992656000000000205e+01
1.854454000000000136e+01 4.992869999999999919e+01
1.855763999999999925e+01 4.992103999999999786e+01
1.857513000000000147e+01 4.992390999999999934e+01
1.858515999999999835e+01 4.990885999999999711e+01
1.857250000000000156e+01 4.988025999999999982e+01
1.860854000000000141e+01 4.986359000000000208e+01
1.860722000000000165e+01 4.985654000000000252e+01
1.857729000000000141e+01 4.983196999999999832e+01
1.863372999999999990e+01 4.974714000000000169e+01
1.862950000000000017e+01 4.972950000000000159e+01
1.864529999999999887e+01 4.971452000000000027e+01
1.871170000000000044e+01 4.970707999999999771e+01
1.872342000000000084e+01 4.968627000000000038e+01
1.877961000000000169e+01 4.968892000000000309e+01
1.881139999999999901e+01 4.967857999999999663e+01
1.884356000000000009e+01 4.959539000000000186e+01
1.886320999999999870e+01 4.954702000000000339e+01
1.886009999999999920e+01 4.953730999999999796e+01
1.884590000000000032e+01 4.952465000000000117e+01
