2.796852000000000160e+01 7.009959000000000628e+01
2.800005000000000166e+01 7.001637999999999806e+01
2.816217999999999932e+01 6.993240000000000123e+01
2.835262000000000171e+01 6.988127000000000066e+01
2.835465999999999909e+01 6.984884999999999877e+01
2.913509000000000171e+01 6.969688999999999623e+01
2.935237000000000052e+01 6.947794000000000381e+01
2.925448000000000093e+01 6.940422999999999831e+01
2.885697000000000045e+01 6.922181000000000495e+01
2.881813999999999965e+01 6.910612000000000421e+01
2.887341999999999942e+01 6.909470000000000312e+01
2.895502000000000109e+01 6.905731000000000108e+01
2.843475000000000108e+01 6.890842000000000667e+01
2.882205000000000084e+01 6.887493000000000620e+01
2.872392999999999930e+01 6.871912000000000376e+01
2.864422000000000068e+01 6.866492999999999824e+01
2.853858999999999924e+01 6.861127000000000464e+01
2.854040000000000177e+01 6.860309999999999775e+01
2.845036999999999949e+01 6.854089999999999350e+01
2.865979000000000099e+01 6.819510999999999967e+01
2.933466999999999913e+01 6.807470999999999606e+01
3.002733999999999881e+01 6.768237999999999488e+01
2.996218999999999966e+01 6.752478999999999587e+01
2.910850999999999900e+01 6.697938000000000613e+01
2.910528000000000048e+01 6.688384000000000640e+01
2.985292000000000101e+01 6.621929000000000087e+01
3.015026999999999902e+01 6.579945999999999628e+01
3.012272000000000105e+01 6.566451000000000704e+01
2.973441000000000045e+01 6.562790999999999997e+01
2.988121999999999900e+01 6.556408999999999310e+01
2.974367000000000161e+01 6.545104000000000610e+01
2.976858000000000004e+01 6.533410000000000650e+01
2.960951999999999984e+01 6.525109000000000492e+01
2.989564999999999984e+01 6.519459999999999411e+01
2.982288000000000139e+01 6.514042999999999495e+01
2.986681000000000097e+01 6.510020000000000095e+01
2.962284999999999968e+01 6.505916000000000565e+01
2.964206000000000074e+01 6.487545000000000073e+01
2.969713000000000136e+01 6.483516000000000190e+01
2.968405999999999878e+01 6.481950999999999397e+01
3.009345000000000070e+01 6.476794999999999902e+01
3.005007000000000161e+01 6.474339000000000510e+01
3.018762999999999863e+01 6.463527999999999452e+01
3.001828000000000074e+01 6.459171999999999514e+01
3.008669000000000082e+01 6.438943000000000438e+01
3.014401000000000153e+01 6.435876000000000374e+01
3.022821000000000069e+01 6.435039000000000442e+01
3.049078000000000088e+01 6.426305000000000689e+01
3.051317999999999842e+01 6.421944000000000585e+01
3.047766999999999982e+01 6.420280999999999949e+01
3.057495000000000118e+01 6.412597999999999843e+01
3.041263000000000005e+01 6.384969999999999857e+01
2.998094999999999999e+01 6.375448000000000093e+01
3.060932999999999993e+01 6.344321999999999662e+01
3.082754999999999868e+01 6.340467000000000297e+01
3.124840000000000018e+01 6.322167999999999921e+01
3.160088999999999970e+01 6.291544999999999987e+01
3.153847999999999985e+01 6.281962000000000046e+01
3.126692999999999856e+01 6.240433999999999770e+01
3.014396999999999949e+01 6.167217000000000127e+01
2.933479000000000170e+01 6.131568999999999647e+01
2.868910999999999945e+01 6.095432999999999879e+01
2.792321000000000097e+01 6.050995000000000346e+01
2.789205000000000112e+01 6.049922000000000111e+01
2.781919999999999860e+01 6.045512999999999693e+01
2.758455999999999975e+01 6.019693999999999789e+01
2.693167000000000044e+01 6.012657000000000096e+01
2.649194999999999922e+01 6.001982000000000284e+01
2.505929000000000073e+01 5.985188999999999737e+01
2.058302000000000120e+01 5.928782999999999959e+01
1.977823000000000064e+01 5.958238000000000056e+01
1.902427000000000135e+01 6.019460999999999729e+01
2.021816000000000102e+01 6.332558999999999827e+01
2.196620000000000061e+01 6.401502000000000692e+01
2.391826000000000008e+01 6.557936999999999728e+01
2.411555999999999855e+01 6.576107000000000369e+01
2.409177999999999997e+01 6.579787000000000319e+01
2.412806000000000139e+01 6.581113999999999464e+01
2.385263000000000133e+01 6.615631000000000483e+01
2.365661000000000058e+01 6.620359000000000549e+01
2.360332999999999970e+01 6.644616999999999507e+01
2.376336999999999833e+01 6.652647000000000332e+01
2.379220000000000113e+01 6.654677999999999827e+01
2.385696000000000083e+01 6.656526999999999816e+01
2.385953999999999908e+01 6.678413000000000466e+01
2.395572999999999908e+01 6.681811000000000433e+01
2.351617999999999853e+01 6.716777999999999338e+01
2.356147999999999954e+01 6.720032999999999390e+01
2.350986999999999938e+01 6.725386000000000308e+01
2.373042999999999836e+01 6.731430000000000291e+01
2.370730999999999966e+01 6.737350999999999601e+01
2.366713999999999984e+01 6.743281000000000347e+01
2.345698000000000150e+01 6.744612999999999658e+01
2.335894000000000048e+01 6.747495999999999583e+01
2.345382999999999996e+01 6.754402000000000328e+01
2.344286999999999921e+01 6.756248999999999683e+01
2.353183999999999898e+01 6.762350999999999601e+01
2.347167999999999921e+01 6.767180999999999358e+01
2.346440000000000126e+01 6.787480999999999653e+01
2.360020000000000095e+01 6.794880999999999460e+01
2.336940999999999846e+01 6.804500000000000171e+01
2.328241999999999834e+01 6.814650000000000318e+01
2.312837999999999994e+01 6.812341999999999587e+01
2.312509999999999977e+01 6.824255999999999744e+01
2.263852999999999938e+01 6.838915000000000077e+01
2.203224000000000160e+01 6.847117000000000075e+01
2.137244000000000099e+01 6.868510999999999456e+01
2.076941000000000059e+01 6.891464000000000567e+01
2.088395999999999830e+01 6.896189999999999998e+01
2.057389999999999830e+01 6.904449999999999932e+01
2.054372000000000043e+01 6.905889000000000522e+01
2.071323999999999899e+01 6.912914000000000669e+01
2.103375000000000128e+01 6.905780000000000030e+01
2.106311000000000178e+01 6.908853999999999473e+01
2.092110999999999876e+01 6.921513000000000204e+01
2.126342999999999961e+01 6.932623999999999853e+01
2.165294000000000096e+01 6.928345000000000198e+01
2.234722000000000008e+01 6.886253999999999564e+01
2.238109999999999999e+01 6.872605000000000075e+01
2.256262999999999863e+01 6.875960999999999501e+01
2.304156000000000049e+01 6.869702999999999804e+01
2.316948000000000008e+01 6.863343999999999312e+01
2.368528999999999840e+01 6.875527999999999906e+01
2.376792000000000016e+01 6.882236000000000331e+01
2.391756000000000171e+01 6.885773000000000366e+01
2.416839999999999833e+01 6.879332999999999743e+01
2.416790999999999912e+01 6.876064999999999827e+01
2.477721000000000018e+01 6.865860999999999592e+01
2.491608000000000089e+01 6.860983000000000231e+01
2.507194000000000145e+01 6.864141999999999655e+01
2.511309999999999931e+01 6.880093999999999710e+01
2.535262000000000171e+01 6.888978000000000179e+01
2.564375000000000071e+01 6.892969999999999686e+01
2.573395999999999972e+01 6.902894999999999470e+01
2.566623999999999839e+01 6.923224999999999341e+01
2.579398000000000124e+01 6.940465000000000373e+01
2.577573999999999899e+01 6.941674000000000433e+01
2.581803000000000026e+01 6.944750000000000512e+01
2.585414000000000101e+01 6.952604999999999791e+01
2.582377999999999929e+01 6.954640000000000555e+01
2.595765000000000100e+01 6.961431000000000324e+01
2.587357000000000085e+01 6.966782000000000608e+01
2.651180000000000092e+01 6.997024999999999295e+01
2.728904999999999959e+01 6.996330000000000382e+01
2.725478999999999985e+01 6.998336999999999364e+01
2.758437999999999946e+01 7.007817000000000007e+01
2.796852000000000160e+01 7.009959000000000628e+01
