9.900000000000000355e+00 4.243787999999999982e+01
9.900000000000000355e+00 4.141346000000000060e+01
9.328765000000000640e+00 4.132061999999999813e+01
9.286846999999999852e+00 4.128318999999999761e+01
8.798804999999999765e+00 4.123866000000000298e+01
3.176236999999999977e+00 4.243370999999999782e+01
3.083413000000000181e+00 4.242014999999999958e+01
3.026463000000000125e+00 4.246647999999999712e+01
2.837708999999999815e+00 4.244489999999999696e+01
2.788530000000000175e+00 4.240825999999999851e+01
2.708676999999999779e+00 4.241288999999999731e+01
2.663866000000000067e+00 4.237778999999999741e+01
2.691517000000000159e+00 4.233397999999999683e+01
2.559083999999999914e+00 4.234962999999999766e+01
2.548566000000000109e+00 4.232755000000000223e+01
2.480865999999999794e+00 4.233811000000000035e+01
2.402160999999999991e+00 4.239065999999999690e+01
2.254490000000000105e+00 4.242562000000000211e+01
2.204566999999999943e+00 4.241458000000000084e+01
2.131984999999999797e+00 4.240937999999999874e+01
2.103022999999999865e+00 4.235347000000000151e+01
2.015823999999999838e+00 4.234351000000000198e+01
1.967745000000000077e+00 4.236930000000000263e+01
1.930762000000000089e+00 4.244481999999999999e+01
1.897024999999999961e+00 4.244444000000000017e+01
1.715368000000000004e+00 4.249186000000000263e+01
1.721934999999999993e+00 4.251841999999999899e+01
1.733308000000000071e+00 4.254017999999999944e+01
1.733994000000000035e+00 4.254988999999999777e+01
1.739959999999999951e+00 4.258619999999999806e+01
1.726074000000000108e+00 4.258689999999999998e+01
1.705100000000000060e+00 4.261126999999999754e+01
1.596991000000000049e+00 4.262442999999999671e+01
1.537781999999999982e+00 4.264797000000000082e+01
1.482482999999999995e+00 4.264068000000000325e+01
1.480280000000000040e+00 4.260965999999999809e+01
1.458177999999999974e+00 4.259844999999999970e+01
1.436179000000000094e+00 4.259783999999999793e+01
1.333941999999999961e+00 4.271582000000000079e+01
1.278561000000000059e+00 4.271121999999999730e+01
1.157990000000000075e+00 4.270306999999999675e+01
1.063963999999999910e+00 4.277432000000000301e+01
9.418060000000000320e-01 4.278717999999999932e+01
9.298619999999999663e-01 4.278271999999999764e+01
8.518980000000000441e-01 4.282325999999999766e+01
6.854069999999999885e-01 4.284879999999999711e+01
6.644809999999999883e-01 4.275647000000000020e+01
6.891699999999999493e-01 4.271238999999999919e+01
6.816990000000000549e-01 4.268733999999999895e+01
4.130770000000000275e-01 4.268796999999999997e+01
3.554180000000000117e-01 4.271399000000000257e+01
3.053230000000000111e-01 4.266539000000000215e+01
1.920030000000000070e-01 4.272941000000000145e+01
9.936000000000000387e-03 4.267893999999999721e+01
-6.451099999999999890e-02 4.269136000000000308e+01
-1.104369999999999935e-01 4.271887000000000256e+01
-2.040790000000000104e-01 4.279019999999999868e+01
-3.422410000000000174e-01 4.283364999999999867e+01
-3.814319999999999933e-01 4.279722999999999900e+01
-4.414799999999999836e-01 4.279258999999999702e+01
-5.063149999999999595e-01 4.281662000000000035e+01
-5.370930000000000426e-01 4.277333999999999747e+01
-5.696099999999999497e-01 4.277920000000000300e+01
-6.868149999999999533e-01 4.287147000000000219e+01
-7.323499999999999455e-01 4.288842000000000354e+01
-7.560540000000000038e-01 4.296414999999999651e+01
-8.094670000000000476e-01 4.294895000000000351e+01
-9.512650000000000272e-01 4.294995999999999725e+01
-1.120290999999999926e+00 4.301294999999999646e+01
-1.139512999999999998e+00 4.300475999999999743e+01
-1.227201999999999904e+00 4.305214999999999748e+01
-1.250002000000000058e+00 4.303703999999999752e+01
-1.314324000000000048e+00 4.306835000000000235e+01
-1.296915000000000040e+00 4.311312999999999818e+01
-1.328942999999999985e+00 4.310376999999999725e+01
-1.346643000000000034e+00 4.302447000000000088e+01
-1.447267000000000081e+00 4.304549999999999699e+01
-1.479676999999999909e+00 4.308435999999999666e+01
-1.415645000000000042e+00 4.315543000000000262e+01
-1.388446999999999987e+00 4.324895999999999674e+01
-1.547573000000000087e+00 4.328598999999999819e+01
-1.571828000000000003e+00 4.324544999999999817e+01
-1.617393999999999998e+00 4.324945000000000306e+01
-1.634897000000000045e+00 4.328298000000000201e+01
-1.633186999999999944e+00 4.330369000000000312e+01
-1.692237999999999909e+00 4.330743999999999971e+01
-1.731376999999999944e+00 4.328945000000000221e+01
-1.745109999999999939e+00 4.331443999999999761e+01
-1.751805000000000057e+00 4.332992000000000132e+01
-1.774807000000000023e+00 4.334127999999999759e+01
-1.791630000000000056e+00 4.335298999999999836e+01
-1.782704000000000066e+00 4.336299999999999955e+01
-1.791115000000000013e+00 4.336755999999999744e+01
-1.792230999999999908e+00 4.337666999999999717e+01
-1.777023000000000019e+00 4.339260999999999768e+01
-6.937206999999999901e+00 4.850182999999999822e+01
-2.790532999999999930e+00 4.940024999999999977e+01
-2.021490000000000009e+00 4.895136999999999716e+01
-1.873172000000000059e+00 4.926780999999999722e+01
-2.191777999999999782e+00 4.947169999999999845e+01
-2.062683999999999962e+00 4.995917000000000030e+01
1.263308000000000098e+00 5.092504000000000275e+01
2.338938000000000184e+00 5.142880000000000251e+01
2.565332000000000168e+00 5.106589000000000311e+01
2.583292000000000144e+00 5.100077999999999889e+01
2.612141999999999964e+00 5.099230000000000018e+01
2.637096999999999802e+00 5.094447999999999865e+01
2.610006999999999966e+00 5.091975999999999658e+01
2.631189000000000000e+00 5.083252999999999844e+01
2.724425999999999792e+00 5.081542999999999921e+01
2.785034000000000010e+00 5.075253000000000014e+01
2.811622999999999983e+00 5.072164999999999679e+01
2.848184999999999967e+00 5.072487000000000279e+01
2.900805000000000078e+00 5.070448999999999984e+01
2.936351999999999851e+00 5.074633999999999645e+01
3.004093999999999820e+00 5.077964999999999662e+01
3.056090000000000195e+00 5.078271999999999764e+01
3.112746000000000013e+00 5.079655000000000342e+01
3.151857999999999826e+00 5.079196999999999917e+01
3.201827999999999896e+00 5.073579999999999757e+01
3.212997999999999799e+00 5.071589999999999776e+01
3.247236000000000011e+00 5.071365999999999730e+01
3.265699999999999825e+00 5.070288000000000039e+01
3.270985000000000031e+00 5.067452000000000112e+01
3.247681000000000040e+00 5.066492000000000218e+01
3.285785999999999873e+00 5.059875000000000256e+01
3.293581999999999788e+00 5.053135999999999939e+01
3.383281000000000205e+00 5.050010999999999939e+01
3.477200999999999986e+00 5.053878000000000270e+01
3.527813000000000088e+00 5.052324999999999733e+01
3.502235000000000209e+00 5.049618000000000251e+01
3.570040999999999798e+00 5.050262000000000029e+01
3.611669000000000018e+00 5.049797999999999831e+01
3.672404999999999919e+00 5.045270000000000010e+01
3.675956999999999919e+00 5.040370000000000061e+01
3.680762999999999785e+00 5.033713000000000193e+01
3.702367999999999881e+00 5.031902999999999793e+01
3.745572000000000124e+00 5.035710000000000264e+01
3.847268999999999828e+00 5.035703999999999780e+01
3.907036999999999871e+00 5.033462000000000103e+01
4.019506999999999941e+00 5.036706999999999823e+01
4.099844000000000044e+00 5.031430999999999898e+01
4.208601999999999954e+00 5.027597000000000094e+01
4.229065000000000296e+00 5.025562000000000040e+01
4.167066000000000159e+00 5.020973999999999648e+01
4.150909000000000404e+00 5.013763999999999754e+01
4.203707999999999778e+00 5.013667999999999836e+01
4.236621999999999666e+00 5.006638999999999839e+01
4.149155999999999622e+00 5.002673000000000059e+01
4.205987999999999616e+00 4.996177000000000135e+01
4.309460999999999764e+00 4.997151000000000209e+01
4.430316999999999616e+00 4.994677999999999685e+01
4.671075000000000088e+00 5.000730000000000075e+01
4.675419999999999909e+00 5.006663000000000352e+01
4.695281999999999734e+00 5.009427000000000163e+01
4.758854000000000362e+00 5.013707999999999743e+01
4.824017000000000444e+00 5.017007000000000261e+01
4.880676000000000236e+00 5.015491000000000099e+01
4.901517000000000124e+00 5.013980999999999710e+01
4.875612000000000279e+00 5.008635000000000304e+01
4.843484000000000123e+00 5.007471999999999923e+01
4.846396999999999622e+00 5.004191999999999751e+01
4.815236999999999767e+00 4.998042999999999836e+01
4.899263000000000368e+00 4.990950000000000131e+01
4.864919000000000437e+00 4.986128999999999678e+01
4.886017999999999972e+00 4.980281999999999698e+01
4.998090000000000366e+00 4.980340000000000344e+01
5.010601999999999556e+00 4.978462999999999994e+01
5.095317999999999792e+00 4.976646999999999821e+01
5.130978999999999957e+00 4.972719000000000023e+01
5.166263999999999967e+00 4.971574999999999989e+01
5.172502999999999851e+00 4.969729000000000241e+01
5.269211999999999563e+00 4.969903000000000048e+01
5.330194999999999794e+00 4.966085999999999956e+01
5.342209999999999681e+00 4.963741000000000270e+01
5.418880999999999837e+00 4.961135999999999768e+01
5.464152999999999594e+00 4.955984999999999729e+01
5.473373999999999739e+00 4.950551999999999708e+01
5.557299999999999685e+00 4.953101000000000198e+01
5.603620000000000267e+00 4.952331000000000216e+01
5.648722000000000243e+00 4.955716000000000321e+01
5.699646000000000434e+00 4.954849000000000103e+01
5.771656000000000120e+00 4.956578999999999979e+01
5.838375000000000092e+00 4.954381000000000057e+01
5.867900999999999812e+00 4.950504000000000104e+01
5.941887000000000363e+00 4.950169000000000352e+01
5.973557999999999701e+00 4.949230000000000018e+01
5.976175999999999711e+00 4.947977999999999810e+01
5.977464000000000333e+00 4.946415999999999968e+01
5.989264999999999617e+00 4.946394000000000091e+01
5.988972000000000406e+00 4.945837999999999823e+01
6.043338999999999572e+00 4.945517999999999859e+01
6.055183000000000426e+00 4.946723000000000070e+01
6.096210000000000129e+00 4.946627999999999759e+01
6.101789000000000129e+00 4.947247999999999735e+01
6.119813999999999865e+00 4.947560000000000002e+01
6.126765999999999934e+00 4.949443999999999733e+01
6.168822999999999723e+00 4.951145000000000351e+01
6.242466000000000292e+00 4.951585000000000036e+01
6.269759999999999778e+00 4.950565000000000282e+01
6.280489000000000210e+00 4.950381000000000142e+01
6.282333999999999641e+00 4.950074000000000041e+01
6.289629999999999832e+00 4.949457999999999913e+01
6.300229999999999997e+00 4.948852999999999724e+01
6.353059000000000012e+00 4.946768000000000143e+01
6.364945999999999771e+00 4.946086999999999989e+01
6.367092000000000418e+00 4.947068999999999761e+01
6.391210000000000058e+00 4.946600000000000108e+01
6.420994000000000312e+00 4.947793999999999670e+01
6.430520999999999709e+00 4.947760999999999854e+01
6.455068999999999946e+00 4.946594999999999942e+01
6.466141000000000361e+00 4.946817999999999671e+01
6.486825999999999759e+00 4.945394999999999897e+01
6.499958000000000347e+00 4.945132999999999868e+01
6.538237999999999772e+00 4.943654000000000082e+01
6.562270999999999965e+00 4.941957000000000022e+01
6.540212999999999610e+00 4.941136000000000195e+01
6.552914999999999601e+00 4.940024999999999977e+01
6.565189000000000163e+00 4.939108999999999838e+01
6.581839999999999691e+00 4.939249000000000223e+01
6.589565000000000339e+00 4.938416000000000139e+01
6.587505000000000166e+00 4.937729000000000212e+01
6.604155999999999693e+00 4.936717000000000155e+01
6.590595000000000425e+00 4.934922999999999860e+01
6.573256999999999906e+00 4.934385999999999939e+01
6.592398000000000202e+00 4.933704000000000178e+01
6.596860999999999642e+00 4.932981999999999800e+01
6.591624999999999623e+00 4.932204999999999728e+01
6.625700000000000145e+00 4.930407999999999902e+01
6.651449000000000389e+00 4.928925000000000267e+01
6.671533000000000158e+00 4.928101999999999805e+01
6.669989000000000168e+00 4.926988000000000056e+01
6.666298000000000279e+00 4.926449999999999818e+01
6.694021000000000221e+00 4.924864999999999782e+01
6.689300000000000246e+00 4.924365999999999843e+01
6.695651999999999937e+00 4.921708999999999889e+01
6.720886000000000138e+00 4.922364999999999924e+01
6.734761999999999915e+00 4.920595999999999748e+01
6.713847999999999594e+00 4.918798999999999921e+01
6.724834000000000422e+00 4.917564000000000135e+01
6.739939999999999820e+00 4.916700000000000159e+01
6.782340999999999731e+00 4.917036999999999836e+01
6.835384000000000349e+00 4.915397999999999712e+01
6.844997000000000220e+00 4.915711999999999904e+01
6.843194999999999695e+00 4.916335000000000122e+01
6.843022999999999634e+00 4.917322999999999666e+01
6.859251999999999683e+00 4.917884999999999707e+01
6.856842000000000326e+00 4.918489999999999895e+01
6.848688000000000109e+00 4.919308999999999799e+01
6.847142999999999979e+00 4.920217999999999847e+01
6.833668000000000298e+00 4.921265999999999963e+01
6.856203999999999965e+00 4.922344999999999970e+01
6.939410999999999774e+00 4.922399000000000058e+01
6.958808999999999578e+00 4.920526000000000266e+01
6.973742999999999803e+00 4.921143000000000001e+01
7.014340999999999937e+00 4.919476999999999833e+01
7.037086000000000396e+00 4.919225000000000136e+01
7.035283999999999871e+00 4.918030000000000257e+01
7.029447000000000223e+00 4.917204999999999870e+01
7.034855000000000302e+00 4.916431000000000040e+01
7.048930999999999614e+00 4.913718999999999681e+01
7.045841000000000243e+00 4.912180000000000035e+01
7.048587999999999631e+00 4.911623999999999768e+01
7.055711999999999762e+00 4.911325999999999681e+01
7.065667999999999616e+00 4.911556999999999817e+01
7.067470000000000141e+00 4.912219999999999942e+01
7.082061999999999635e+00 4.913174999999999670e+01
7.078713999999999729e+00 4.914853999999999701e+01
7.081032000000000437e+00 4.915381000000000000e+01
7.101116000000000206e+00 4.915684000000000253e+01
7.107638999999999818e+00 4.915605999999999653e+01
7.113819000000000337e+00 4.915279999999999916e+01
7.128066999999999709e+00 4.914314000000000249e+01
7.137336999999999598e+00 4.912933000000000305e+01
7.166519000000000084e+00 4.913051000000000101e+01
7.183169999999999611e+00 4.913230999999999682e+01
7.206087000000000131e+00 4.912534000000000134e+01
7.245312000000000197e+00 4.913123999999999825e+01
7.300156999999999563e+00 4.912355000000000160e+01
7.312603000000000186e+00 4.913893000000000200e+01
7.329855000000000231e+00 4.914663000000000181e+01
7.359895999999999994e+00 4.914522000000000190e+01
7.360496000000000372e+00 4.917322999999999666e+01
7.447785999999999795e+00 4.918652999999999764e+01
7.448387000000000313e+00 4.918350000000000222e+01
7.439631999999999579e+00 4.917783000000000015e+01
7.447099999999999831e+00 4.917047999999999774e+01
7.496623999999999732e+00 4.917081999999999908e+01
7.510271000000000363e+00 4.915297000000000338e+01
7.497911000000000215e+00 4.913759000000000299e+01
7.507438999999999751e+00 4.912528999999999968e+01
7.518511000000000166e+00 4.912331999999999965e+01
7.533102000000000409e+00 4.909882000000000346e+01
7.603397000000000183e+00 4.908465999999999951e+01
7.629603999999999608e+00 4.907795999999999736e+01
7.641333999999999627e+00 4.905575999999999937e+01
7.696608999999999590e+00 4.905991999999999820e+01
7.762355999999999590e+00 4.905451999999999657e+01
7.794198999999999877e+00 4.906745999999999697e+01
7.812566999999999595e+00 4.906188999999999822e+01
7.863635999999999626e+00 4.903967000000000098e+01
7.887839999999999741e+00 4.905057999999999652e+01
7.933797000000000210e+00 4.905955000000000155e+01
7.946634000000000420e+00 4.905604000000000298e+01
7.951139999999999652e+00 4.904769000000000290e+01
7.967405000000000292e+00 4.904337999999999909e+01
7.979163999999999923e+00 4.902982000000000085e+01
7.999206000000000039e+00 4.902937000000000012e+01
8.049716999999999345e+00 4.901536000000000115e+01
8.064693999999999363e+00 4.900634999999999764e+01
8.071046000000000831e+00 4.899775999999999954e+01
8.123659999999999215e+00 4.898711999999999733e+01
8.135804999999999509e+00 4.898154000000000252e+01
8.138165000000000759e+00 4.897993000000000308e+01
8.169966000000000506e+00 4.897968000000000188e+01
8.184986000000000317e+00 4.897878999999999650e+01
8.196405000000000385e+00 4.897762000000000171e+01
8.226226000000000482e+00 4.897706000000000159e+01
8.235464999999999591e+00 4.896555000000000035e+01
8.195738000000000412e+00 4.894823999999999842e+01
8.137092000000000880e+00 4.888062999999999647e+01
8.124045999999999879e+00 4.881851000000000340e+01
8.074951999999999686e+00 4.878889999999999816e+01
8.017317000000000249e+00 4.875802000000000191e+01
7.977616000000000263e+00 4.873705000000000354e+01
7.966975999999999836e+00 4.871236999999999995e+01
7.907307000000000308e+00 4.865820000000000078e+01
7.860343000000000302e+00 4.864025999999999783e+01
7.805786000000000335e+00 4.857558000000000220e+01
7.813511000000000095e+00 4.852479000000000298e+01
7.808017999999999681e+00 4.850762000000000285e+01
7.783813000000000315e+00 4.848601000000000028e+01
7.780554000000000414e+00 4.847652000000000072e+01
7.746218999999999966e+00 4.838794999999999646e+01
7.752913999999999639e+00 4.832179000000000002e+01
7.730419000000000374e+00 4.830297999999999803e+01
7.699443999999999733e+00 4.823910999999999660e+01
7.609233999999999831e+00 4.815406000000000120e+01
7.602401999999999660e+00 4.813405000000000200e+01
7.581695999999999991e+00 4.811462000000000216e+01
7.595515999999999934e+00 4.809649000000000285e+01
7.575647000000000020e+00 4.803242000000000189e+01
7.616647999999999641e+00 4.799853000000000236e+01
7.628959000000000046e+00 4.797057999999999822e+01
7.584642999999999802e+00 4.789773000000000280e+01
7.567523000000000444e+00 4.784391000000000105e+01
7.533792000000000044e+00 4.777696999999999861e+01
7.551910000000000345e+00 4.774231000000000336e+01
7.554833999999999605e+00 4.772587000000000046e+01
7.522382000000000346e+00 4.770201999999999742e+01
7.522266000000000119e+00 4.767038000000000153e+01
7.568069000000000379e+00 4.763647999999999882e+01
7.599707000000000434e+00 4.760269000000000261e+01
7.586917999999999829e+00 4.757479000000000013e+01
7.568656999999999968e+00 4.757536999999999949e+01
7.559186000000000405e+00 4.756450000000000244e+01
7.537092999999999599e+00 4.755492000000000274e+01
7.518424999999999692e+00 4.754467000000000354e+01
7.499884999999999913e+00 4.753772000000000020e+01
7.503404999999999880e+00 4.753070000000000306e+01
7.525205999999999840e+00 4.753743000000000052e+01
7.533358999999999916e+00 4.752855999999999881e+01
7.524090000000000167e+00 4.751360999999999990e+01
7.512760000000000105e+00 4.750990000000000180e+01
7.512245000000000061e+00 4.749633000000000038e+01
7.490101000000000120e+00 4.748136000000000223e+01
7.458000000000000185e+00 4.746802000000000277e+01
7.399462999999999901e+00 4.742727000000000004e+01
7.324276000000000231e+00 4.743760999999999939e+01
7.244453000000000031e+00 4.741798000000000002e+01
7.166174999999999962e+00 4.744156000000000262e+01
7.180610999999999855e+00 4.748423999999999978e+01
7.123378999999999905e+00 4.749519000000000091e+01
7.073582000000000036e+00 4.748622999999999905e+01
7.017036000000000051e+00 4.750155999999999779e+01
6.990120000000000111e+00 4.749177000000000248e+01
7.008270999999999695e+00 4.745709000000000088e+01
6.996814999999999785e+00 4.744628999999999763e+01
6.923512999999999806e+00 4.739414000000000016e+01
6.886725000000000207e+00 4.735942000000000007e+01
7.045077000000000034e+00 4.737892000000000081e+01
7.071102999999999916e+00 4.733632000000000062e+01
6.955016999999999783e+00 4.726807999999999765e+01
6.959622000000000419e+00 4.724318000000000239e+01
6.859945999999999877e+00 4.716891999999999996e+01
6.863692999999999600e+00 4.715943999999999647e+01
6.762510999999999939e+00 4.710584000000000060e+01
6.724582999999999977e+00 4.705046000000000106e+01
6.636254000000000097e+00 4.699539000000000044e+01
6.477083999999999619e+00 4.694731000000000165e+01
6.450383000000000422e+00 4.692278000000000304e+01
6.477535999999999738e+00 4.687973000000000212e+01
6.447513999999999967e+00 4.680017000000000138e+01
6.480896999999999686e+00 4.678110000000000213e+01
6.122463999999999906e+00 4.657549999999999812e+01
6.166862000000000066e+00 4.654303999999999775e+01
6.075330000000000119e+00 4.641926999999999737e+01
6.177486000000000033e+00 4.637395999999999674e+01
6.126078999999999830e+00 4.631515999999999877e+01
6.133713000000000193e+00 4.630227000000000004e+01
6.133460999999999608e+00 4.625050000000000239e+01
6.109856999999999871e+00 4.622901999999999845e+01
6.097745999999999889e+00 4.622131000000000256e+01
6.059406000000000070e+00 4.623122999999999649e+01
6.052693999999999797e+00 4.622646000000000299e+01
6.034451999999999927e+00 4.623720999999999748e+01
5.994110000000000049e+00 4.621453000000000344e+01
5.965747999999999607e+00 4.619711999999999819e+01
5.992551999999999879e+00 4.618791000000000224e+01
5.997395000000000032e+00 4.617998999999999654e+01
5.967120999999999675e+00 4.614517000000000024e+01
5.987792999999999921e+00 4.614547000000000310e+01
6.044960999999999807e+00 4.614188999999999652e+01
6.050575000000000259e+00 4.615223999999999904e+01
6.091466999999999743e+00 4.615265999999999735e+01
6.111574000000000062e+00 4.614397999999999911e+01
6.148909999999999876e+00 4.615088000000000079e+01
6.187447999999999837e+00 4.616633999999999816e+01
6.183070999999999984e+00 4.617846000000000117e+01
6.205729999999999968e+00 4.619277999999999906e+01
6.233109999999999928e+00 4.620752000000000237e+01
6.294291000000000302e+00 4.622639999999999816e+01
6.307439999999999714e+00 4.624598999999999904e+01
6.291475000000000151e+00 4.625744999999999862e+01
6.266755999999999993e+00 4.624356000000000222e+01
6.234225999999999601e+00 4.627501000000000175e+01
6.245383999999999602e+00 4.630205999999999733e+01
6.211308999999999969e+00 4.631398000000000081e+01
6.264180999999999777e+00 4.638457999999999970e+01
6.624292999999999765e+00 4.649703999999999837e+01
6.836174999999999891e+00 4.645195999999999970e+01
6.804248000000000296e+00 4.638967999999999847e+01
6.808963000000000321e+00 4.638215999999999894e+01
6.793156999999999890e+00 4.634152000000000271e+01
6.869543000000000177e+00 4.628553000000000139e+01
6.858857000000000426e+00 4.625292000000000314e+01
6.810445999999999778e+00 4.620360999999999763e+01
6.822936000000000334e+00 4.613691000000000031e+01
6.904848999999999570e+00 4.612709000000000259e+01
6.940736000000000239e+00 4.606656000000000262e+01
7.094687999999999661e+00 4.591969000000000278e+01
6.940965000000000273e+00 4.583550999999999931e+01
6.820030000000000037e+00 4.581591000000000236e+01
6.829336999999999769e+00 4.571123000000000047e+01
7.012493000000000087e+00 4.564464999999999861e+01
7.009820999999999636e+00 4.552013000000000176e+01
7.110974999999999824e+00 4.547131000000000256e+01
7.192059999999999675e+00 4.540673999999999921e+01
7.139578000000000202e+00 4.530454999999999899e+01
7.144923000000000357e+00 4.525531000000000148e+01
7.080046000000000284e+00 4.520884000000000214e+01
6.980033999999999850e+00 4.520286999999999722e+01
6.951246000000000258e+00 4.516805000000000092e+01
6.895851999999999649e+00 4.513345999999999947e+01
6.847370999999999874e+00 4.512460000000000093e+01
6.786349999999999660e+00 4.515017000000000280e+01
6.639546000000000170e+00 4.509803999999999746e+01
6.664861000000000146e+00 4.507298000000000116e+01
6.681252999999999886e+00 4.502691000000000088e+01
6.753321999999999825e+00 4.502223999999999648e+01
6.787870999999999988e+00 4.489831000000000216e+01
6.909209999999999852e+00 4.485058999999999685e+01
6.930831999999999660e+00 4.486852999999999980e+01
7.027325000000000266e+00 4.483718999999999966e+01
7.043637000000000370e+00 4.472276999999999703e+01
7.069488999999999912e+00 4.471578999999999837e+01
7.082193000000000183e+00 4.467768000000000228e+01
6.984577999999999953e+00 4.468155000000000143e+01
6.954428000000000054e+00 4.465258000000000038e+01
6.976129000000000246e+00 4.462322000000000344e+01
6.929081000000000046e+00 4.456145999999999674e+01
6.859931999999999697e+00 4.452980000000000160e+01
6.954602999999999646e+00 4.442810000000000059e+01
6.901817000000000313e+00 4.437245999999999668e+01
7.001151000000000124e+00 4.428405999999999665e+01
7.009619999999999962e+00 4.424642999999999660e+01
7.100105000000000111e+00 4.422948999999999842e+01
7.188147999999999982e+00 4.420436000000000121e+01
7.296656999999999726e+00 4.414936999999999756e+01
7.347362000000000393e+00 4.414755000000000251e+01
7.360254000000000296e+00 4.412651999999999930e+01
7.623408000000000406e+00 4.416727999999999810e+01
7.628561000000000369e+00 4.417918999999999841e+01
7.689757000000000176e+00 4.418558000000000163e+01
7.680372000000000199e+00 4.412349999999999994e+01
7.731295000000000250e+00 4.407925000000000182e+01
7.651234999999999786e+00 4.396522000000000219e+01
7.580753999999999770e+00 4.394250999999999863e+01
7.565828999999999915e+00 4.389753000000000327e+01
7.503785999999999845e+00 4.387039999999999651e+01
7.534675000000000011e+00 4.377821000000000140e+01
9.810985999999999763e+00 4.320418999999999699e+01
9.900000000000000355e+00 4.243787999999999982e+01
