2.385691999999999879e+01 4.145024000000000086e+01
2.390098000000000056e+01 4.145837000000000216e+01
2.390750999999999848e+01 4.147878999999999650e+01
2.391636000000000095e+01 4.148252999999999702e+01
2.394150000000000134e+01 4.146511000000000280e+01
2.396781000000000006e+01 4.144082999999999828e+01
2.397700000000000031e+01 4.144485999999999848e+01
2.399829000000000079e+01 4.145763999999999783e+01
2.401403000000000176e+01 4.146683999999999770e+01
2.401793999999999940e+01 4.146958999999999662e+01
2.404211000000000098e+01 4.145441999999999894e+01
2.405536000000000030e+01 4.153161000000000058e+01
2.409998999999999825e+01 4.155234999999999701e+01
2.421152999999999977e+01 4.155364000000000146e+01
2.423567999999999856e+01 4.156092999999999904e+01
2.426313000000000031e+01 4.157654999999999745e+01
2.427983000000000047e+01 4.156877999999999673e+01
2.433774000000000015e+01 4.152886999999999773e+01
2.437608000000000175e+01 4.153036000000000172e+01
2.438400000000000034e+01 4.153784000000000276e+01
2.440504999999999924e+01 4.154207000000000249e+01
2.446027000000000129e+01 4.154469000000000278e+01
2.448254000000000019e+01 4.155870999999999782e+01
2.452505999999999986e+01 4.156976000000000226e+01
2.453574000000000055e+01 4.156624000000000052e+01
2.455540999999999840e+01 4.155064999999999742e+01
2.455680999999999869e+01 4.153126999999999924e+01
2.456527000000000172e+01 4.151509000000000071e+01
2.456625999999999976e+01 4.149839000000000055e+01
2.459596000000000160e+01 4.146728000000000236e+01
2.460125999999999991e+01 4.145546999999999827e+01
2.463723999999999847e+01 4.143399000000000143e+01
2.465336999999999890e+01 4.143634000000000128e+01
2.472657999999999845e+01 4.141864000000000345e+01
2.473654000000000153e+01 4.141241999999999734e+01
2.473826000000000036e+01 4.139714000000000027e+01
2.476289999999999836e+01 4.137633999999999901e+01
2.481828000000000145e+01 4.138528000000000162e+01
2.481663999999999959e+01 4.140238999999999692e+01
2.485263000000000133e+01 4.139985000000000070e+01
2.489558999999999855e+01 4.140854000000000212e+01
2.491823000000000121e+01 4.140863000000000227e+01
2.493224999999999980e+01 4.139591999999999672e+01
2.497723999999999833e+01 4.137915000000000276e+01
2.504141999999999868e+01 4.136842999999999648e+01
2.505908000000000158e+01 4.136449000000000353e+01
2.506572999999999851e+01 4.135972999999999900e+01
2.507459000000000060e+01 4.134750999999999976e+01
2.511651000000000167e+01 4.134389999999999787e+01
2.512656000000000134e+01 4.134277000000000157e+01
2.516122000000000014e+01 4.131806999999999874e+01
2.518237999999999843e+01 4.130924000000000262e+01
2.520267000000000124e+01 4.129748000000000019e+01
2.522366999999999848e+01 4.127908999999999651e+01
2.529438999999999993e+01 4.124651000000000067e+01
2.533174999999999955e+01 4.124546999999999741e+01
2.536724999999999852e+01 4.126142000000000110e+01
2.542096000000000089e+01 4.126906000000000319e+01
2.543027999999999977e+01 4.127602000000000260e+01
2.547321000000000168e+01 4.128992999999999824e+01
2.550290999999999997e+01 4.128891999999999740e+01
2.554306000000000054e+01 4.130995999999999668e+01
2.555920000000000059e+01 4.131909000000000276e+01
2.557641999999999882e+01 4.131956999999999880e+01
2.563641000000000147e+01 4.131336000000000297e+01
2.566035000000000110e+01 4.131510999999999711e+01
2.571424000000000021e+01 4.131414999999999793e+01
2.571972999999999843e+01 4.131960999999999729e+01
2.576061999999999941e+01 4.132533999999999708e+01
2.578721000000000174e+01 4.133310999999999780e+01
2.581443000000000154e+01 4.134015999999999735e+01
2.582182999999999851e+01 4.134893999999999892e+01
2.584787999999999997e+01 4.133742999999999768e+01
2.587299000000000149e+01 4.132930999999999955e+01
2.587712000000000145e+01 4.131891000000000247e+01
2.593293999999999855e+01 4.132180000000000319e+01
2.600769000000000020e+01 4.134479000000000326e+01
2.603386000000000067e+01 4.135233000000000203e+01
2.609241000000000099e+01 4.135797999999999774e+01
2.613661000000000101e+01 4.137648999999999688e+01
2.615037999999999840e+01 4.138893000000000200e+01
2.615842999999999918e+01 4.141998999999999853e+01
2.617043999999999926e+01 4.143348999999999904e+01
2.615426000000000073e+01 4.147175000000000011e+01
2.615012000000000114e+01 4.148516999999999655e+01
2.616451999999999956e+01 4.149347000000000207e+01
2.618030999999999864e+01 4.151971999999999952e+01
2.617570999999999870e+01 4.155093000000000103e+01
2.614545999999999992e+01 4.155261000000000138e+01
2.614640999999999948e+01 4.160341999999999985e+01
2.612134999999999962e+01 4.162275000000000347e+01
2.609507999999999939e+01 4.162469999999999715e+01
2.606963000000000008e+01 4.164856999999999942e+01
2.606283000000000172e+01 4.166161000000000314e+01
2.605924999999999869e+01 4.168697999999999837e+01
2.605971999999999866e+01 4.169812000000000296e+01
2.606594000000000122e+01 4.170530000000000115e+01
2.607013999999999854e+01 4.171119000000000199e+01
2.608480000000000132e+01 4.171806999999999732e+01
2.612163999999999930e+01 4.173107999999999862e+01
2.616188999999999965e+01 4.174768000000000256e+01
2.617516000000000176e+01 4.174954000000000320e+01
2.622753000000000156e+01 4.174139999999999873e+01
2.623488000000000042e+01 4.173942999999999870e+01
2.624936999999999898e+01 4.172561999999999927e+01
2.627581999999999951e+01 4.171502999999999872e+01
2.629967999999999861e+01 4.171088999999999913e+01
2.633163000000000054e+01 4.171672999999999831e+01
2.633908999999999878e+01 4.171524999999999750e+01
2.636970000000000169e+01 4.171135999999999910e+01
2.639918000000000120e+01 4.169534999999999769e+01
2.644550999999999874e+01 4.168681999999999732e+01
2.646988999999999947e+01 4.167094000000000165e+01
2.648962999999999823e+01 4.167419000000000295e+01
2.649753000000000114e+01 4.166550000000000153e+01
2.649475999999999942e+01 4.165084000000000231e+01
2.653229999999999933e+01 4.162324000000000268e+01
2.656981000000000037e+01 4.161202000000000112e+01
2.659632999999999825e+01 4.161070000000000135e+01
2.660114000000000090e+01 4.158216999999999786e+01
2.660035999999999845e+01 4.154603000000000179e+01
2.660631000000000057e+01 4.148978999999999928e+01
2.661458999999999975e+01 4.146314000000000277e+01
2.661385999999999896e+01 4.145233000000000345e+01
2.663047999999999860e+01 4.142032999999999987e+01
2.663825999999999894e+01 4.138559999999999661e+01
2.662677000000000049e+01 4.134149000000000029e+01
2.659984999999999999e+01 4.132585999999999871e+01
2.657688999999999879e+01 4.131976000000000226e+01
2.654939999999999856e+01 4.133670000000000044e+01
2.652104999999999890e+01 4.133597999999999928e+01
2.651387000000000072e+01 4.132695999999999970e+01
2.648780000000000001e+01 4.130308999999999742e+01
2.646195000000000164e+01 4.128159999999999741e+01
2.641060999999999837e+01 4.125493000000000166e+01
2.639423000000000030e+01 4.124922000000000111e+01
2.635698999999999970e+01 4.124864999999999782e+01
2.633237000000000094e+01 4.121880000000000166e+01
2.632460999999999984e+01 4.119066999999999723e+01
2.632491999999999877e+01 4.118536000000000286e+01
2.633242999999999867e+01 4.115435000000000088e+01
2.633858999999999995e+01 4.114365000000000094e+01
2.633781000000000105e+01 4.110734000000000066e+01
2.633557000000000059e+01 4.109893999999999892e+01
2.636223000000000027e+01 4.102862999999999971e+01
2.636937999999999960e+01 4.101888999999999896e+01
2.636423999999999879e+01 4.100833999999999691e+01
2.635790000000000077e+01 4.099730999999999881e+01
2.636352000000000118e+01 4.094816999999999751e+01
2.635880999999999830e+01 4.094158999999999793e+01
2.630448000000000164e+01 4.090328999999999837e+01
2.629525999999999897e+01 4.089287000000000205e+01
2.627795000000000059e+01 4.089213000000000164e+01
2.625174000000000163e+01 4.088123999999999825e+01
2.622157999999999944e+01 4.083520000000000039e+01
2.620664000000000016e+01 4.082126999999999839e+01
2.612606999999999857e+01 4.074271000000000242e+01
2.607799999999999940e+01 4.072749000000000308e+01
2.595714999999999861e+01 4.070085000000000264e+01
2.608970000000000056e+01 4.036587000000000103e+01
2.564190999999999931e+01 4.016579999999999728e+01
2.566825000000000045e+01 4.009000999999999948e+01
2.594239999999999924e+01 3.989285999999999888e+01
2.599480000000000146e+01 3.942511999999999972e+01
2.646231999999999829e+01 3.944664999999999822e+01
2.672765000000000057e+01 3.906799000000000177e+01
2.668177000000000021e+01 3.881065999999999860e+01
2.630820999999999898e+01 3.873828999999999922e+01
2.633586999999999989e+01 3.844989000000000345e+01
2.624184999999999945e+01 3.829487000000000307e+01
2.625968999999999909e+01 3.817855000000000132e+01
2.711191000000000173e+01 3.793543999999999983e+01
2.721013999999999911e+01 3.772487000000000279e+01
2.709015000000000128e+01 3.770000000000000284e+01
2.701178000000000168e+01 3.768686999999999898e+01
2.698827999999999960e+01 3.765292999999999779e+01
2.712274000000000029e+01 3.751162000000000063e+01
2.720445000000000135e+01 3.717251999999999867e+01
2.718862000000000023e+01 3.706065999999999860e+01
2.721781999999999968e+01 3.695906999999999698e+01
2.741926000000000130e+01 3.691769000000000034e+01
2.737918000000000163e+01 3.680803000000000225e+01
2.727809999999999846e+01 3.671495999999999782e+01
2.740981000000000023e+01 3.658539999999999992e+01
2.764232000000000156e+01 3.661055999999999955e+01
2.779838000000000164e+01 3.672236999999999796e+01
2.790119999999999933e+01 3.671569999999999823e+01
2.797550999999999988e+01 3.649797999999999831e+01
2.819911000000000101e+01 3.658572000000000202e+01
2.832295999999999836e+01 3.656011000000000166e+01
2.925395999999999930e+01 3.599188999999999794e+01
2.948132999999999981e+01 3.619131000000000142e+01
2.954616000000000042e+01 3.618081000000000103e+01
2.962055000000000149e+01 3.618021000000000242e+01
2.961854999999999905e+01 3.615030000000000143e+01
2.964281000000000077e+01 3.613466999999999985e+01
2.965682999999999936e+01 3.611312000000000211e+01
2.595973000000000042e+01 3.459111000000000047e+01
2.330802999999999869e+01 3.463071999999999662e+01
2.020515999999999934e+01 3.796282999999999674e+01
1.930788000000000082e+01 3.971719000000000221e+01
1.915880999999999901e+01 3.989867999999999881e+01
1.948029999999999973e+01 4.007956999999999681e+01
1.989613999999999905e+01 3.988436000000000092e+01
1.998421000000000092e+01 3.982950000000000301e+01
1.996984000000000137e+01 3.974723999999999791e+01
1.997707000000000122e+01 3.966644999999999754e+01
2.001736000000000004e+01 3.969751000000000118e+01
2.003083000000000169e+01 3.970179000000000258e+01
2.005885999999999925e+01 3.969281999999999755e+01
2.008134000000000086e+01 3.968305999999999756e+01
2.009037999999999968e+01 3.968296000000000134e+01
2.010382999999999853e+01 3.967094000000000165e+01
2.012868999999999886e+01 3.965666000000000224e+01
2.015135000000000076e+01 3.965623000000000076e+01
2.016105999999999909e+01 3.965182999999999680e+01
2.018443999999999861e+01 3.964950000000000330e+01
2.022109000000000023e+01 3.964815000000000111e+01
2.021771999999999991e+01 3.966488999999999976e+01
2.023065000000000069e+01 3.968571000000000026e+01
2.024173000000000044e+01 3.968506000000000000e+01
2.026072999999999880e+01 3.967699000000000353e+01
2.026467999999999847e+01 3.969545999999999708e+01
2.028328000000000131e+01 3.971226000000000056e+01
2.031093999999999866e+01 3.972724000000000188e+01
2.032029999999999959e+01 3.973151000000000010e+01
2.029466000000000037e+01 3.975493999999999772e+01
2.029159999999999897e+01 3.976673999999999864e+01
2.030583999999999989e+01 3.978094000000000108e+01
2.028943999999999903e+01 3.979957000000000278e+01
2.028901000000000110e+01 3.980575000000000330e+01
2.030362999999999829e+01 3.981768999999999892e+01
2.034636000000000067e+01 3.980601000000000056e+01
2.038665999999999912e+01 3.978873999999999711e+01
2.041283999999999921e+01 3.981506999999999863e+01
2.041154999999999831e+01 3.983397999999999683e+01
2.041469999999999985e+01 3.983937999999999846e+01
2.038786999999999949e+01 3.986854999999999905e+01
2.036469999999999914e+01 3.990220999999999663e+01
2.036243999999999943e+01 3.990726000000000084e+01
2.033581999999999823e+01 3.992334999999999923e+01
2.034349999999999881e+01 3.994536000000000087e+01
2.031797999999999860e+01 3.997341000000000122e+01
2.030872000000000099e+01 3.999309999999999832e+01
2.038735000000000142e+01 3.999638999999999811e+01
2.039692000000000149e+01 4.001709000000000316e+01
2.040777999999999892e+01 4.004952999999999719e+01
2.041715999999999909e+01 4.006112000000000251e+01
2.044797000000000153e+01 4.007442999999999955e+01
2.046583000000000041e+01 4.007542999999999722e+01
2.048591000000000051e+01 4.006539999999999679e+01
2.051156999999999897e+01 4.008444999999999681e+01
2.055010000000000048e+01 4.006663999999999959e+01
2.060803999999999903e+01 4.007652000000000214e+01
2.062066000000000088e+01 4.008905000000000030e+01
2.063748999999999967e+01 4.009429000000000087e+01
2.065796999999999883e+01 4.009304999999999808e+01
2.067558999999999969e+01 4.010045000000000215e+01
2.067311000000000121e+01 4.012507000000000090e+01
2.068134999999999835e+01 4.013962000000000074e+01
2.069154999999999944e+01 4.014994000000000085e+01
2.067257999999999996e+01 4.016346000000000060e+01
2.067626999999999882e+01 4.018905000000000172e+01
2.071951999999999927e+01 4.021929000000000087e+01
2.071845000000000070e+01 4.023152000000000328e+01
2.071952999999999889e+01 4.025267000000000195e+01
2.071280000000000143e+01 4.025657999999999959e+01
2.070355999999999952e+01 4.026642999999999972e+01
2.071178000000000097e+01 4.028334000000000259e+01
2.072954000000000008e+01 4.029704999999999870e+01
2.073307000000000144e+01 4.031025999999999954e+01
2.076020000000000110e+01 4.032177999999999685e+01
2.075420000000000087e+01 4.033268000000000342e+01
2.077460999999999913e+01 4.035669999999999646e+01
2.078800000000000026e+01 4.036491000000000184e+01
2.078578999999999866e+01 4.039896999999999849e+01
2.078321000000000041e+01 4.042793000000000347e+01
2.082818999999999932e+01 4.046705999999999648e+01
2.084140999999999977e+01 4.048259999999999792e+01
2.090630000000000166e+01 4.047881000000000284e+01
2.093101000000000056e+01 4.046589000000000169e+01
2.095092999999999961e+01 4.046981000000000250e+01
2.095279000000000025e+01 4.047569000000000017e+01
2.095536999999999850e+01 4.047708000000000084e+01
2.095761999999999858e+01 4.048429999999999751e+01
2.096772999999999954e+01 4.048911999999999978e+01
2.096292000000000044e+01 4.050820000000000221e+01
2.096585999999999927e+01 4.052058000000000249e+01
2.099418999999999969e+01 4.053558999999999912e+01
2.099899999999999878e+01 4.054782999999999760e+01
2.101411999999999836e+01 4.055700999999999823e+01
2.103573000000000093e+01 4.056076999999999799e+01
2.104362000000000066e+01 4.057249999999999801e+01
2.103762000000000043e+01 4.059192999999999785e+01
2.104375999999999891e+01 4.061560999999999666e+01
2.105392000000000152e+01 4.061825000000000330e+01
2.105122000000000071e+01 4.063463999999999743e+01
2.105585999999999913e+01 4.066738000000000142e+01
2.104345999999999961e+01 4.068213999999999686e+01
2.102233999999999980e+01 4.070888000000000062e+01
2.100501999999999825e+01 4.072393999999999892e+01
2.098788000000000054e+01 4.073140999999999678e+01
2.098079999999999856e+01 4.073814999999999742e+01
2.098148000000000124e+01 4.075986999999999938e+01
2.097135000000000105e+01 4.076039000000000101e+01
2.095459999999999923e+01 4.076977000000000118e+01
2.096385000000000076e+01 4.077626999999999668e+01
2.097994999999999877e+01 4.078663000000000238e+01
2.098397999999999897e+01 4.079534000000000304e+01
2.097684999999999889e+01 4.085784000000000304e+01
2.111668999999999841e+01 4.085737999999999914e+01
2.111953000000000102e+01 4.085690999999999917e+01
2.114398999999999873e+01 4.085620000000000118e+01
2.115502000000000038e+01 4.085900000000000176e+01
2.117582000000000164e+01 4.087519000000000347e+01
2.118950999999999851e+01 4.087984999999999758e+01
2.119568999999999903e+01 4.087984000000000151e+01
2.120944000000000074e+01 4.088649999999999807e+01
2.126933000000000007e+01 4.086590000000000344e+01
2.135969000000000051e+01 4.088058000000000192e+01
2.141572999999999993e+01 4.091913999999999874e+01
2.143957999999999942e+01 4.091823000000000121e+01
2.146512999999999849e+01 4.090856999999999744e+01
2.148854000000000042e+01 4.091338999999999970e+01
2.152605000000000146e+01 4.091246000000000294e+01
2.156670000000000087e+01 4.087664000000000186e+01
2.159222000000000108e+01 4.086842999999999648e+01
2.160294000000000025e+01 4.088016999999999967e+01
2.161695999999999884e+01 4.088886000000000109e+01
2.163551999999999964e+01 4.089900999999999698e+01
2.165097000000000094e+01 4.090321000000000140e+01
2.168145000000000167e+01 4.094111000000000189e+01
2.170570000000000022e+01 4.094483999999999924e+01
2.174219000000000079e+01 4.093247999999999820e+01
2.177523000000000053e+01 4.093007000000000062e+01
2.180040999999999940e+01 4.094581999999999766e+01
2.179698000000000135e+01 4.097590999999999894e+01
2.185903000000000063e+01 4.101961000000000013e+01
2.188164000000000087e+01 4.102949999999999875e+01
2.188093999999999895e+01 4.104111000000000331e+01
2.190009999999999835e+01 4.104364000000000345e+01
2.190970000000000084e+01 4.105053999999999803e+01
2.190221999999999980e+01 4.106795000000000329e+01
2.190799000000000163e+01 4.109215999999999980e+01
2.197235999999999834e+01 4.113004000000000104e+01
2.205952999999999875e+01 4.116080999999999790e+01
2.206596000000000046e+01 4.116196999999999662e+01
2.209982000000000113e+01 4.114101000000000141e+01
2.211252999999999957e+01 4.113439999999999941e+01
2.212709999999999866e+01 4.112588000000000221e+01
2.214462999999999937e+01 4.112787999999999755e+01
2.217016999999999882e+01 4.115760999999999825e+01
2.221454999999999913e+01 4.117013000000000034e+01
2.223095999999999961e+01 4.116564999999999941e+01
2.225674000000000063e+01 4.116702999999999690e+01
2.226908999999999850e+01 4.116497999999999990e+01
2.232406999999999897e+01 4.115205000000000268e+01
2.232463999999999871e+01 4.114737000000000222e+01
2.233298999999999879e+01 4.113649999999999807e+01
2.237077000000000027e+01 4.113983000000000345e+01
2.240510000000000090e+01 4.113969999999999771e+01
2.241311999999999927e+01 4.112586000000000297e+01
2.246649999999999991e+01 4.112152999999999992e+01
2.252160999999999902e+01 4.112995000000000090e+01
2.256141999999999825e+01 4.113266999999999740e+01
2.259123999999999910e+01 4.112044000000000210e+01
2.263481000000000165e+01 4.115529999999999688e+01
2.263745000000000118e+01 4.116839999999999833e+01
2.264631999999999934e+01 4.118180000000000263e+01
2.266666000000000025e+01 4.118856000000000250e+01
2.270539000000000129e+01 4.114773999999999887e+01
2.272064999999999912e+01 4.114600999999999686e+01
2.274454000000000065e+01 4.116367999999999938e+01
2.275471999999999895e+01 4.126272999999999769e+01
2.275524000000000058e+01 4.129963999999999658e+01
2.275928000000000040e+01 4.132475000000000165e+01
2.280304999999999893e+01 4.134591000000000349e+01
2.283714000000000155e+01 4.134217000000000297e+01
2.288171000000000177e+01 4.134734999999999872e+01
2.304026999999999958e+01 4.133245000000000147e+01
2.310234000000000165e+01 4.132348999999999961e+01
2.319379999999999953e+01 4.132390999999999792e+01
2.321280000000000143e+01 4.133337999999999823e+01
2.322529000000000110e+01 4.138201000000000107e+01
2.329091000000000022e+01 4.141194999999999737e+01
2.332982000000000156e+01 4.140075000000000216e+01
2.334255999999999887e+01 4.136627000000000010e+01
2.336235999999999891e+01 4.137982999999999834e+01
2.338388000000000133e+01 4.139077999999999946e+01
2.340117000000000047e+01 4.140124999999999744e+01
2.342996000000000123e+01 4.140599000000000274e+01
2.344746999999999915e+01 4.140903999999999741e+01
2.352354000000000056e+01 4.140628999999999849e+01
2.353668000000000049e+01 4.140225999999999829e+01
2.357598000000000127e+01 4.139204000000000150e+01
2.364552000000000120e+01 4.138669999999999760e+01
2.364896999999999849e+01 4.139791000000000309e+01
2.367398000000000025e+01 4.141149999999999665e+01
2.372841999999999985e+01 4.140930999999999784e+01
2.376826000000000150e+01 4.140079000000000065e+01
2.380036000000000129e+01 4.143856999999999857e+01
2.385691999999999879e+01 4.145024000000000086e+01
