1.159726000000000035e+01 3.633682000000000301e+01
1.160036999999999985e+01 3.785860999999999876e+01
9.923768000000000811e+00 3.783805999999999869e+01
7.802627000000000201e+00 3.872932000000000130e+01
7.718453000000000230e+00 4.133675999999999817e+01
9.279434000000000182e+00 4.133791000000000082e+01
9.623820999999999515e+00 4.144740000000000180e+01
9.653921000000000419e+00 4.196820999999999913e+01
9.757778999999999314e+00 4.248093000000000075e+01
9.496038999999999675e+00 4.316673000000000116e+01
9.666807000000000372e+00 4.374920999999999793e+01
8.845271999999999579e+00 4.413282000000000238e+01
8.139041000000000636e+00 4.360376000000000118e+01
7.555371000000000059e+00 4.348098999999999847e+01
7.523376999999999981e+00 4.378970999999999947e+01
7.486000999999999905e+00 4.387429000000000201e+01
7.701952999999999605e+00 4.407916000000000167e+01
7.641608999999999874e+00 4.415243999999999858e+01
7.522312000000000332e+00 4.413293999999999784e+01
7.360449000000000019e+00 4.409409000000000134e+01
7.014330000000000176e+00 4.422178999999999860e+01
6.882661999999999836e+00 4.435396000000000072e+01
6.870347999999999900e+00 4.446123000000000047e+01
6.849276999999999838e+00 4.453329000000000093e+01
6.957594000000000278e+00 4.462803000000000253e+01
6.936905999999999572e+00 4.465709999999999980e+01
7.019137999999999877e+00 4.472563999999999851e+01
6.999751999999999974e+00 4.478737000000000279e+01
7.002684999999999604e+00 4.483214999999999861e+01
6.875123000000000317e+00 4.483274999999999721e+01
6.738809999999999967e+00 4.490561999999999898e+01
6.736434000000000033e+00 4.500533000000000072e+01
6.669292000000000442e+00 4.501521000000000328e+01
6.602695999999999898e+00 4.512944999999999851e+01
7.122264999999999624e+00 4.525775999999999755e+01
7.102324000000000304e+00 4.532905999999999835e+01
7.153529999999999944e+00 4.538434000000000168e+01
6.996101999999999599e+00 4.548572999999999666e+01
6.955830999999999875e+00 4.561688000000000187e+01
6.838423999999999836e+00 4.567748999999999882e+01
6.792210999999999999e+00 4.574900999999999840e+01
6.789752000000000010e+00 4.584816000000000003e+01
7.043395000000000294e+00 4.593625999999999721e+01
7.110706999999999667e+00 4.588954999999999984e+01
7.204119999999999635e+00 4.589965000000000117e+01
7.545927999999999969e+00 4.599759999999999849e+01
7.847051999999999694e+00 4.595280999999999949e+01
7.912889999999999979e+00 4.601917999999999864e+01
8.004438000000000386e+00 4.605619999999999692e+01
8.017963999999999203e+00 4.610193000000000296e+01
8.133988000000000440e+00 4.617938000000000187e+01
8.064078000000000301e+00 4.625773999999999830e+01
8.243327000000000737e+00 4.636932000000000187e+01
8.272856000000000876e+00 4.643710000000000093e+01
8.390432000000000556e+00 4.647068999999999761e+01
8.491391999999999385e+00 4.646735000000000326e+01
8.494593999999999312e+00 4.628067000000000064e+01
8.629013999999999740e+00 4.615415999999999741e+01
8.804125000000000867e+00 4.610817999999999728e+01
8.866160999999999959e+00 4.607121000000000066e+01
8.812198000000000420e+00 4.600081000000000131e+01
8.893599999999999284e+00 4.596302000000000021e+01
8.955797999999999703e+00 4.587375000000000114e+01
9.024257999999999669e+00 4.583156000000000319e+01
9.067453000000000429e+00 4.589766999999999797e+01
8.948114999999999597e+00 4.596578999999999837e+01
9.090405000000000513e+00 4.615035000000000309e+01
9.224629999999999441e+00 4.625101999999999691e+01
9.280058999999999614e+00 4.638996000000000208e+01
9.225122999999999962e+00 4.644980999999999938e+01
9.308526999999999774e+00 4.652067999999999870e+01
9.395607000000000042e+00 4.650043000000000148e+01
9.464131999999999323e+00 4.650918999999999670e+01
9.505388999999999200e+00 4.635752999999999702e+01
9.691048999999999580e+00 4.632204999999999728e+01
9.736860000000000070e+00 4.635363000000000255e+01
9.846942999999999557e+00 4.637913999999999959e+01
9.968267000000000877e+00 4.639323999999999870e+01
1.008770999999999951e+01 4.624314999999999998e+01
1.015316999999999936e+01 4.625247999999999848e+01
1.007867000000000068e+01 4.634423999999999921e+01
1.015704999999999991e+01 4.641324999999999790e+01
1.005447999999999986e+01 4.640529999999999688e+01
1.001656000000000013e+01 4.653426000000000329e+01
1.011843999999999966e+01 4.664759000000000100e+01
1.026807999999999943e+01 4.663837000000000188e+01
1.033211000000000013e+01 4.657473000000000241e+01
1.046420999999999957e+01 4.654863999999999891e+01
1.047995000000000054e+01 4.662098999999999904e+01
1.040175999999999945e+01 4.663770999999999844e+01
1.038706999999999958e+01 4.669478000000000151e+01
1.039920000000000044e+01 4.673304000000000258e+01
1.040714999999999968e+01 4.678352000000000288e+01
1.045785000000000053e+01 4.688018000000000285e+01
1.065839000000000070e+01 4.689164000000000243e+01
1.076407999999999987e+01 4.684649999999999892e+01
1.079387000000000008e+01 4.680597000000000207e+01
1.101900999999999975e+01 4.679308000000000334e+01
1.109767000000000081e+01 4.696790000000000020e+01
1.159465999999999930e+01 4.703168999999999755e+01
1.177488999999999919e+01 4.700451000000000334e+01
1.201894000000000062e+01 4.708077000000000112e+01
1.226900999999999975e+01 4.710168999999999784e+01
1.223553000000000068e+01 4.702891000000000332e+01
1.212162000000000006e+01 4.700797000000000025e+01
1.218858999999999959e+01 4.694268000000000285e+01
1.219172999999999973e+01 4.692193999999999932e+01
1.223432999999999993e+01 4.689741999999999678e+01
1.228125999999999962e+01 4.690003999999999706e+01
1.230791999999999931e+01 4.684188999999999936e+01
1.233012000000000086e+01 4.679458999999999946e+01
1.255888999999999989e+01 4.668724999999999881e+01
1.280292999999999992e+01 4.665979000000000099e+01
1.374747999999999948e+01 4.653359999999999985e+01
1.369610999999999912e+01 4.643596999999999753e+01
1.345063999999999993e+01 4.634364000000000061e+01
1.342064000000000057e+01 4.629122999999999877e+01
1.342309000000000019e+01 4.624327999999999861e+01
1.357374000000000080e+01 4.623937999999999704e+01
1.368365000000000009e+01 4.618205999999999989e+01
1.363780000000000037e+01 4.611749999999999972e+01
1.349524000000000079e+01 4.600780999999999921e+01
1.354425999999999952e+01 4.597717999999999705e+01
1.359604000000000035e+01 4.599889999999999901e+01
1.365785999999999945e+01 4.599526999999999788e+01
1.363278999999999996e+01 4.591037000000000035e+01
1.360356999999999950e+01 4.583424999999999727e+01
1.380818999999999974e+01 4.577004999999999768e+01
1.393258999999999936e+01 4.563756999999999664e+01
1.384722999999999971e+01 4.557563999999999993e+01
1.373051000000000066e+01 4.556447000000000003e+01
1.358998000000000062e+01 4.556768999999999892e+01
1.344560000000000066e+01 4.556893999999999778e+01
1.294387000000000043e+01 4.511068000000000211e+01
1.389081000000000010e+01 4.396273999999999660e+01
1.482375000000000043e+01 4.258514000000000266e+01
1.558511999999999986e+01 4.256248000000000076e+01
1.802457000000000065e+01 4.140592000000000183e+01
1.912499000000000038e+01 4.014800000000000324e+01
1.741398999999999830e+01 3.837064999999999770e+01
1.550717999999999996e+01 3.630953999999999837e+01
1.383638000000000012e+01 3.634821999999999775e+01
1.323387999999999920e+01 3.507638000000000034e+01
1.197558000000000078e+01 3.514535000000000053e+01
1.159726000000000035e+01 3.633682000000000301e+01
