1.153293999999999997e+01 5.886802000000000135e+01
1.144919999999999938e+01 5.888277999999999679e+01
1.144647999999999932e+01 5.899219999999999686e+01
1.133901000000000003e+01 5.910434999999999661e+01
1.115898999999999930e+01 5.906884999999999764e+01
1.112501999999999924e+01 5.900889000000000095e+01
1.106991000000000014e+01 5.896802000000000277e+01
1.064630999999999972e+01 5.888345000000000340e+01
1.059517999999999915e+01 5.875148999999999688e+01
8.363080000000000069e+00 5.755322999999999922e+01
4.967699999999999783e+00 5.766308999999999685e+01
-1.136800999999999995e+01 7.134139999999999304e+01
9.551724000000000103e+00 8.100382999999999356e+01
3.552711000000000041e+01 8.105195000000000505e+01
3.349616999999999933e+01 7.087467999999999790e+01
3.158569999999999922e+01 7.013405000000000200e+01
3.110876999999999981e+01 6.997025999999999613e+01
3.083304000000000045e+01 6.979286999999999352e+01
3.089821999999999846e+01 6.974459000000000231e+01
3.089892000000000039e+01 6.971401000000000181e+01
3.095392000000000010e+01 6.968765000000000498e+01
3.094151000000000096e+01 6.966379999999999484e+01
3.096120000000000161e+01 6.964227999999999952e+01
3.096240999999999843e+01 6.961266999999999427e+01
3.095244999999999891e+01 6.957327999999999690e+01
3.092425000000000068e+01 6.954415000000000191e+01
3.079754000000000147e+01 6.952030000000000598e+01
3.051439999999999841e+01 6.953055000000000518e+01
3.041385999999999967e+01 6.958066999999999780e+01
3.023710000000000164e+01 6.963882999999999868e+01
3.015125000000000099e+01 6.965922000000000480e+01
3.011004000000000147e+01 6.965312000000000126e+01
3.014449000000000112e+01 6.965098000000000411e+01
3.019806000000000168e+01 6.956676000000000215e+01
3.018402000000000029e+01 6.952965000000000373e+01
3.012868999999999886e+01 6.950883000000000322e+01
3.011967999999999890e+01 6.945945000000000391e+01
2.999423000000000172e+01 6.940219999999999345e+01
2.994226000000000099e+01 6.939520000000000266e+01
2.986229000000000156e+01 6.941406999999999528e+01
2.972755000000000081e+01 6.937994000000000483e+01
2.969873000000000118e+01 6.935414000000000101e+01
2.956725000000000136e+01 6.930705000000000382e+01
2.939243000000000094e+01 6.931230999999999653e+01
2.929488999999999876e+01 6.928771999999999309e+01
2.928874000000000066e+01 6.925800999999999874e+01
2.932366999999999990e+01 6.923080000000000211e+01
2.929877000000000109e+01 6.917493000000000336e+01
2.925216999999999956e+01 6.913688999999999396e+01
2.925018000000000029e+01 6.910698999999999614e+01
2.904211000000000098e+01 6.900084999999999980e+01
2.885144000000000020e+01 6.906713999999999487e+01
2.879561999999999955e+01 6.911310000000000286e+01
2.882584999999999908e+01 6.923257999999999868e+01
2.921442000000000050e+01 6.940639000000000181e+01
2.932079999999999842e+01 6.947966999999999871e+01
2.916360999999999848e+01 6.963182999999999367e+01
2.912796000000000163e+01 6.968614999999999782e+01
2.840037999999999840e+01 6.980919000000000096e+01
2.832330999999999932e+01 6.984221999999999753e+01
2.833090999999999937e+01 6.987372999999999479e+01
2.815608999999999895e+01 6.991213000000000477e+01
2.797942000000000107e+01 7.000522999999999740e+01
2.795296000000000092e+01 7.008216000000000179e+01
2.774462000000000117e+01 7.005429999999999779e+01
2.762079999999999913e+01 7.006475000000000364e+01
2.755964000000000169e+01 7.005001000000000033e+01
2.752747000000000099e+01 7.001336000000000581e+01
2.743237999999999843e+01 7.000959000000000287e+01
2.729894000000000176e+01 6.997633999999999332e+01
2.731488999999999834e+01 6.995866999999999791e+01
2.729968999999999824e+01 6.994409000000000276e+01
2.704188999999999865e+01 6.990049999999999386e+01
2.696862000000000137e+01 6.992813999999999908e+01
2.687094000000000094e+01 6.992427000000000703e+01
2.684637999999999991e+01 6.994986000000000104e+01
2.671477000000000146e+01 6.993529999999999802e+01
2.667693999999999832e+01 6.995462999999999454e+01
2.646990999999999872e+01 6.992996999999999730e+01
2.638572999999999880e+01 6.984365999999999985e+01
2.625565999999999889e+01 6.980835999999999331e+01
2.625137000000000143e+01 6.978690000000000282e+01
2.612951999999999941e+01 6.972535999999999490e+01
2.599928999999999846e+01 6.970740999999999588e+01
2.591641999999999868e+01 6.966674000000000433e+01
2.596176000000000172e+01 6.965363000000000682e+01
2.598469000000000051e+01 6.960520999999999958e+01
2.594058000000000064e+01 6.956372000000000355e+01
2.586740999999999957e+01 6.954448999999999614e+01
2.588667999999999836e+01 6.952782000000000551e+01
2.586342000000000141e+01 6.949420000000000641e+01
2.587284000000000006e+01 6.947164999999999679e+01
2.582073000000000107e+01 6.943022999999999456e+01
2.585567999999999955e+01 6.938938000000000272e+01
2.582413999999999987e+01 6.935208000000000084e+01
2.578977000000000075e+01 6.934618000000000393e+01
2.575368999999999886e+01 6.931298999999999921e+01
2.575684000000000040e+01 6.928149999999999409e+01
2.571808000000000050e+01 6.924670000000000414e+01
2.572306999999999988e+01 6.920926000000000045e+01
2.570940999999999832e+01 6.919776000000000238e+01
2.575296000000000163e+01 6.914467999999999392e+01
2.574061999999999983e+01 6.907832999999999402e+01
2.576180000000000092e+01 6.906186999999999898e+01
2.575881000000000043e+01 6.904007000000000005e+01
2.578500000000000014e+01 6.902692999999999302e+01
2.578260999999999825e+01 6.900745000000000573e+01
2.573097999999999885e+01 6.898247000000000639e+01
2.566193000000000168e+01 6.889927000000000135e+01
2.562670999999999921e+01 6.888201999999999714e+01
2.554144000000000148e+01 6.887633999999999901e+01
2.548143999999999920e+01 6.889502000000000237e+01
2.541026000000000096e+01 6.888276000000000465e+01
2.516395999999999944e+01 6.879107999999999379e+01
2.513426000000000116e+01 6.874805000000000632e+01
2.514133999999999958e+01 6.871658999999999651e+01
2.512318000000000140e+01 6.869880999999999460e+01
2.512312999999999974e+01 6.863217000000000212e+01
2.507065000000000055e+01 6.860997000000000412e+01
2.492543999999999826e+01 6.859699000000000524e+01
2.490552999999999884e+01 6.854488000000000625e+01
2.485165999999999897e+01 6.855386000000000024e+01
2.477831000000000117e+01 6.862724000000000046e+01
2.460649000000000086e+01 6.867206000000000188e+01
2.424909999999999854e+01 6.871730999999999767e+01
2.414780000000000015e+01 6.874502999999999986e+01
2.414666000000000068e+01 6.877823999999999671e+01
2.407479999999999976e+01 6.876999999999999602e+01
2.398053000000000168e+01 6.881734000000000151e+01
2.387194999999999823e+01 6.882644000000000517e+01
2.378143000000000029e+01 6.880979999999999563e+01
2.373844000000000065e+01 6.874401000000000295e+01
2.367608999999999853e+01 6.869585999999999615e+01
2.344200999999999979e+01 6.868223000000000411e+01
2.316816999999999993e+01 6.861853999999999587e+01
2.304361000000000104e+01 6.867932999999999311e+01
2.279887000000000086e+01 6.867774000000000001e+01
2.253496000000000166e+01 6.873429000000000144e+01
2.237210999999999927e+01 6.870695999999999515e+01
2.233238000000000056e+01 6.882065000000000055e+01
2.218500999999999834e+01 6.891150000000000375e+01
2.216779999999999973e+01 6.894952000000000680e+01
2.162370999999999910e+01 6.926686999999999728e+01
2.127965999999999980e+01 6.930173999999999523e+01
2.101051999999999964e+01 6.921451000000000420e+01
2.100003999999999849e+01 6.919425999999999988e+01
2.106268999999999991e+01 6.913022999999999740e+01
2.111824000000000012e+01 6.910684999999999434e+01
2.105903999999999954e+01 6.902639999999999532e+01
2.071786000000000172e+01 6.910935000000000628e+01
2.055420000000000158e+01 6.905025000000000546e+01
2.010048000000000101e+01 6.903688999999999965e+01
2.031349000000000160e+01 6.893326000000000420e+01
2.034573999999999927e+01 6.880075999999999681e+01
2.020862999999999943e+01 6.865784999999999627e+01
2.005658999999999992e+01 6.858209999999999695e+01
1.997246000000000166e+01 6.855764999999999532e+01
2.022838000000000136e+01 6.850060999999999467e+01
2.023344000000000165e+01 6.848368999999999573e+01
1.992477999999999838e+01 6.834659999999999513e+01
1.898300000000000054e+01 6.850691999999999382e+01
1.861947999999999936e+01 6.849707999999999686e+01
1.840486999999999895e+01 6.857160000000000366e+01
1.813447000000000031e+01 6.852776000000000067e+01
1.811128000000000071e+01 6.840619999999999834e+01
1.816215000000000046e+01 6.819526999999999362e+01
1.790308999999999884e+01 6.795989000000000146e+01
1.766234999999999999e+01 6.802876999999999441e+01
1.728387000000000029e+01 6.810818000000000438e+01
1.718279000000000067e+01 6.804089999999999350e+01
1.674436000000000035e+01 6.790569999999999595e+01
1.656377000000000166e+01 6.764132999999999640e+01
1.650186000000000064e+01 6.758633000000000379e+01
1.641011999999999915e+01 6.752424999999999500e+01
1.616180999999999912e+01 6.750975999999999999e+01
1.610470000000000113e+01 6.743722999999999956e+01
1.641165000000000163e+01 6.721142999999999290e+01
1.639557999999999893e+01 6.703934999999999889e+01
1.604420999999999964e+01 6.690390999999999622e+01
1.563199000000000005e+01 6.659794999999999732e+01
1.539094000000000051e+01 6.648059999999999548e+01
1.549085000000000001e+01 6.627455999999999392e+01
1.503607000000000049e+01 6.614356999999999687e+01
1.452988999999999997e+01 6.612309000000000481e+01
1.463400000000000034e+01 6.581412000000000262e+01
1.453903000000000034e+01 6.567875999999999692e+01
1.450681999999999938e+01 6.551668999999999699e+01
1.451425000000000054e+01 6.530480000000000018e+01
1.438681000000000054e+01 6.524072999999999922e+01
1.433297999999999917e+01 6.511213999999999658e+01
1.402181000000000033e+01 6.488236000000000558e+01
1.367384000000000022e+01 6.458473999999999648e+01
1.386476000000000042e+01 6.452226000000000283e+01
1.408952999999999989e+01 6.448806000000000438e+01
1.412471000000000032e+01 6.446608999999999412e+01
1.416760999999999981e+01 6.418355999999999995e+01
1.398908999999999914e+01 6.400634999999999764e+01
1.321104000000000056e+01 6.408511000000000024e+01
1.292913000000000068e+01 6.404805000000000348e+01
1.269039000000000073e+01 6.396464999999999890e+01
1.234731999999999985e+01 6.371954000000000207e+01
1.230292000000000030e+01 6.366476000000000113e+01
1.217066999999999943e+01 6.359501000000000204e+01
1.220219999999999949e+01 6.357059000000000282e+01
1.224818999999999924e+01 6.348035999999999746e+01
1.198950999999999922e+01 6.326807999999999765e+01
1.222813999999999979e+01 6.300370999999999810e+01
1.208609000000000044e+01 6.289793999999999841e+01
1.214633000000000074e+01 6.274676000000000187e+01
1.206803999999999988e+01 6.261236000000000246e+01
1.230938000000000088e+01 6.226639999999999731e+01
1.214958999999999989e+01 6.172825000000000273e+01
1.242191000000000045e+01 6.157305999999999813e+01
1.257219000000000086e+01 6.157753999999999905e+01
1.288071000000000055e+01 6.135479999999999734e+01
1.284178999999999959e+01 6.125238999999999834e+01
1.279729999999999990e+01 6.118986000000000303e+01
1.271588999999999992e+01 6.113685000000000258e+01
1.268646999999999991e+01 6.105075999999999681e+01
1.261021000000000036e+01 6.103643000000000285e+01
1.244872999999999941e+01 6.104120000000000346e+01
1.224100999999999928e+01 6.100878999999999763e+01
1.234125000000000050e+01 6.089558000000000249e+01
1.234439000000000064e+01 6.085481999999999658e+01
1.240304000000000073e+01 6.074056000000000211e+01
1.251863999999999955e+01 6.065037999999999840e+01
1.252748000000000062e+01 6.060580999999999818e+01
1.258923000000000059e+01 6.055789999999999651e+01
1.261608999999999980e+01 6.051648000000000138e+01
1.261519000000000013e+01 6.040200999999999709e+01
1.250962999999999958e+01 6.031795999999999935e+01
1.255164000000000080e+01 6.019109000000000265e+01
1.248779000000000039e+01 6.006616000000000355e+01
1.234624999999999950e+01 5.995707999999999771e+01
1.223546999999999940e+01 5.991854000000000013e+01
1.217606999999999928e+01 5.987998000000000332e+01
1.205170999999999992e+01 5.987608999999999781e+01
1.198281000000000063e+01 5.988983999999999952e+01
1.186866999999999983e+01 5.983894999999999698e+01
1.193472000000000044e+01 5.979908999999999963e+01
1.195334000000000074e+01 5.969335000000000235e+01
1.189337000000000089e+01 5.968345999999999663e+01
1.185931000000000068e+01 5.963909999999999911e+01
1.172516000000000069e+01 5.961641999999999797e+01
1.170199999999999996e+01 5.959006000000000114e+01
1.176263999999999932e+01 5.948270000000000124e+01
1.178913999999999973e+01 5.939130999999999716e+01
1.182602999999999938e+01 5.934649999999999892e+01
1.183968999999999916e+01 5.924040999999999713e+01
1.179290999999999912e+01 5.920271000000000328e+01
1.177660999999999980e+01 5.911912000000000234e+01
1.179076000000000057e+01 5.909613000000000227e+01
1.171892000000000067e+01 5.902655000000000030e+01
1.169777000000000022e+01 5.895188999999999879e+01
1.165917999999999921e+01 5.889925999999999817e+01
1.157291999999999987e+01 5.887790999999999997e+01
1.155471000000000004e+01 5.888761000000000223e+01
1.153293999999999997e+01 5.886802000000000135e+01
