-3.160000000000000142e+01 3.883350000000000080e+01
-3.160000000000000142e+01 4.021330999999999989e+01
-9.149312999999999363e+00 4.186972999999999701e+01
-8.872631999999999408e+00 4.187686999999999671e+01
-8.822865999999999431e+00 4.191973000000000127e+01
-8.766830999999999818e+00 4.193948000000000320e+01
-8.746852999999999767e+00 4.197612999999999772e+01
-8.675411999999999679e+00 4.200721999999999667e+01
-8.665008000000000266e+00 4.203585000000000349e+01
-8.636998000000000175e+00 4.205836000000000041e+01
-8.550038000000000693e+00 4.206488999999999834e+01
-8.521691000000000571e+00 4.208908000000000271e+01
-8.337626000000000204e+00 4.209653999999999741e+01
-8.200072999999999723e+00 4.216389999999999816e+01
-8.178741000000000483e+00 4.214699000000000240e+01
-8.173534999999999329e+00 4.208167000000000257e+01
-8.113455999999999335e+00 4.209100999999999715e+01
-8.088217000000000212e+00 4.207755000000000223e+01
-8.074116999999999322e+00 4.204679999999999751e+01
-8.078364999999999796e+00 4.201019999999999754e+01
-8.151887999999999579e+00 4.197337000000000273e+01
-8.204349000000000558e+00 4.190986999999999796e+01
-8.189175000000000537e+00 4.188897999999999655e+01
-8.162739000000000189e+00 4.188324999999999676e+01
-8.151118999999999559e+00 4.182867999999999853e+01
-8.133215999999999113e+00 4.182081999999999766e+01
-8.062139000000000166e+00 4.182741999999999649e+01
-8.020497000000000654e+00 4.184329000000000320e+01
-7.988637999999999906e+00 4.187995000000000090e+01
-7.935049000000000241e+00 4.188629999999999853e+01
-7.903804000000000052e+00 4.193737000000000137e+01
-7.876159000000000354e+00 4.192862000000000222e+01
-7.872589999999999755e+00 4.186740000000000350e+01
-7.849255000000000315e+00 4.189020000000000010e+01
-7.700171000000000099e+00 4.191765000000000185e+01
-7.647287999999999641e+00 4.189159000000000077e+01
-7.579851999999999812e+00 4.188953999999999667e+01
-7.574732000000000021e+00 4.187288999999999817e+01
-7.593980000000000175e+00 4.184360999999999819e+01
-7.530001000000000388e+00 4.185063000000000244e+01
-7.518210999999999977e+00 4.187252999999999759e+01
-7.489589999999999748e+00 4.188078000000000145e+01
-7.445454999999999934e+00 4.187181999999999960e+01
-7.414555000000000007e+00 4.183024999999999949e+01
-7.372160000000000046e+00 4.186088999999999771e+01
-7.319130999999999609e+00 4.185470999999999719e+01
-7.203621000000000052e+00 4.189148000000000138e+01
-7.190479999999999983e+00 4.191709999999999781e+01
-7.195032000000000316e+00 4.197514000000000323e+01
-7.148157000000000316e+00 4.199913999999999703e+01
-7.085872000000000170e+00 4.198404000000000025e+01
-7.067789000000000321e+00 4.196099999999999852e+01
-7.013841000000000214e+00 4.196220999999999890e+01
-6.975144000000000233e+00 4.198326000000000136e+01
-6.935635999999999690e+00 4.195736000000000132e+01
-6.895091999999999999e+00 4.195112000000000307e+01
-6.831398000000000081e+00 4.195566999999999780e+01
-6.812031000000000169e+00 4.200225999999999971e+01
-6.765692999999999735e+00 4.199349000000000132e+01
-6.741309000000000218e+00 4.195340999999999809e+01
-6.703719000000000428e+00 4.194565999999999661e+01
-6.621982000000000035e+00 4.195253999999999905e+01
-6.587926000000000393e+00 4.197731000000000279e+01
-6.539123000000000019e+00 4.194575999999999993e+01
-6.551255000000000273e+00 4.189048999999999978e+01
-6.505793999999999855e+00 4.187322000000000344e+01
-6.549595000000000056e+00 4.174727000000000032e+01
-6.535664999999999836e+00 4.169120999999999810e+01
-6.495940000000000047e+00 4.166848000000000241e+01
-6.447085000000000399e+00 4.169449999999999790e+01
-6.300824000000000424e+00 4.167219000000000051e+01
-6.196409000000000056e+00 4.160338000000000136e+01
-6.179513000000000034e+00 4.157580000000000098e+01
-6.290237000000000300e+00 4.144857999999999976e+01
-6.311569000000000429e+00 4.137801999999999936e+01
-6.367956999999999645e+00 4.137256000000000000e+01
-6.370644000000000418e+00 4.135143000000000058e+01
-6.408457000000000292e+00 4.133704999999999785e+01
-6.430418999999999663e+00 4.129856999999999800e+01
-6.470875999999999628e+00 4.128661999999999921e+01
-6.469484999999999708e+00 4.127141000000000304e+01
-6.490534000000000248e+00 4.125742000000000331e+01
-6.523050999999999711e+00 4.125927000000000078e+01
-6.569709999999999717e+00 4.122946000000000311e+01
-6.641498000000000346e+00 4.123396000000000328e+01
-6.702429999999999666e+00 4.116514000000000095e+01
-6.755517000000000216e+00 4.112812000000000268e+01
-6.745773999999999937e+00 4.109886000000000195e+01
-6.806022999999999712e+00 4.102714000000000283e+01
-6.917227999999999710e+00 4.102141000000000304e+01
-6.851683000000000412e+00 4.095647999999999911e+01
-6.834024999999999572e+00 4.090355000000000274e+01
-6.802379000000000175e+00 4.088953000000000060e+01
-6.792098000000000191e+00 4.086307999999999652e+01
-6.792959999999999887e+00 4.084136000000000166e+01
-6.812307999999999808e+00 4.082542999999999722e+01
-6.818673999999999680e+00 4.075280000000000058e+01
-6.784386999999999723e+00 4.065961999999999676e+01
-6.828443000000000040e+00 4.057433999999999941e+01
-6.792891000000000012e+00 4.055588999999999800e+01
-6.785860999999999699e+00 4.050909000000000049e+01
-6.836342000000000141e+00 4.045038999999999874e+01
-6.824934999999999974e+00 4.041328000000000031e+01
-6.771151999999999838e+00 4.036372000000000071e+01
-6.787403000000000297e+00 4.032099999999999795e+01
-6.850221000000000338e+00 4.029261000000000337e+01
-6.864391000000000354e+00 4.025520999999999816e+01
-6.943456000000000294e+00 4.024591999999999814e+01
-7.007501999999999676e+00 4.020580000000000354e+01
-6.998490999999999573e+00 4.013430000000000319e+01
-6.934736000000000011e+00 4.012013000000000318e+01
-6.854009999999999714e+00 4.001239000000000345e+01
-6.891036999999999857e+00 3.992031000000000063e+01
-6.895500000000000185e+00 3.986511000000000138e+01
-6.941575000000000273e+00 3.982016999999999740e+01
-6.973362999999999978e+00 3.980769999999999698e+01
-6.977814999999999657e+00 3.972487000000000279e+01
-7.007005999999999624e+00 3.966566999999999865e+01
-7.061831999999999887e+00 3.964802999999999855e+01
-7.147802000000000433e+00 3.964307999999999765e+01
-7.255493000000000414e+00 3.965550999999999959e+01
-7.331678000000000139e+00 3.963136000000000081e+01
-7.515604999999999869e+00 3.965315999999999974e+01
-7.489218000000000153e+00 3.959951999999999828e+01
-7.430701000000000001e+00 3.954881999999999920e+01
-7.386627999999999972e+00 3.953869000000000256e+01
-7.370725000000000193e+00 3.950117999999999796e+01
-7.286717999999999584e+00 3.946294000000000324e+01
-7.307030000000000136e+00 3.938298000000000343e+01
-7.295018999999999920e+00 3.934167999999999665e+01
-7.222837000000000174e+00 3.928273999999999688e+01
-7.234450999999999965e+00 3.925206000000000017e+01
-7.225418999999999592e+00 3.921079000000000292e+01
-7.127009000000000150e+00 3.917750000000000199e+01
-7.133003999999999678e+00 3.911784000000000106e+01
-7.039388999999999896e+00 3.912841000000000236e+01
-6.988124000000000002e+00 3.910629999999999740e+01
-6.953993999999999787e+00 3.906613999999999720e+01
-6.941425999999999874e+00 3.902429999999999666e+01
-7.033072999999999908e+00 3.890447000000000344e+01
-7.023216999999999821e+00 3.887780000000000058e+01
-7.032834000000000252e+00 3.885701999999999856e+01
-7.065354000000000134e+00 3.884038000000000324e+01
-7.087530000000000108e+00 3.880987999999999971e+01
-7.126727999999999952e+00 3.880219000000000307e+01
-7.246551000000000187e+00 3.871824000000000154e+01
-7.260360999999999621e+00 3.864444999999999908e+01
-7.234287000000000134e+00 3.862120000000000175e+01
-7.290807000000000038e+00 3.853938000000000130e+01
-7.304707999999999757e+00 3.849533000000000271e+01
-7.286801999999999779e+00 3.847534000000000276e+01
-7.302239000000000146e+00 3.844462000000000046e+01
-7.272664999999999935e+00 3.842660000000000053e+01
-7.259125000000000050e+00 3.839672000000000196e+01
-7.142004000000000019e+00 3.828059999999999974e+01
-7.128448999999999813e+00 3.823832000000000164e+01
-7.090469999999999828e+00 3.818959000000000259e+01
-7.031293999999999933e+00 3.819570999999999827e+01
-7.014845000000000219e+00 3.821359999999999957e+01
-6.939052000000000220e+00 3.823017000000000110e+01
-6.922525000000000261e+00 3.820421999999999940e+01
-6.951876999999999640e+00 3.816790999999999912e+01
-6.942790999999999713e+00 3.814999000000000251e+01
-6.977496999999999616e+00 3.808964999999999890e+01
-6.996062000000000225e+00 3.801465000000000316e+01
-7.049468000000000067e+00 3.800493999999999772e+01
-7.100684000000000218e+00 3.802944000000000102e+01
-7.119873000000000118e+00 3.799403000000000219e+01
-7.239804000000000350e+00 3.797917000000000343e+01
-7.245515000000000150e+00 3.792034000000000304e+01
-7.293745999999999619e+00 3.783538999999999675e+01
-7.407360999999999862e+00 3.775014999999999787e+01
-7.434777999999999665e+00 3.766046999999999656e+01
-7.485949999999999882e+00 3.759290000000000020e+01
-7.504437000000000246e+00 3.754569000000000045e+01
-7.454373999999999612e+00 3.749045999999999879e+01
-7.408832999999999558e+00 3.723922999999999917e+01
-7.383708000000000382e+00 3.716817000000000348e+01
-7.361888000000000432e+00 3.696211000000000269e+01
-8.472505999999999204e+00 3.595960999999999785e+01
-9.611204999999999998e+00 3.598586999999999847e+01
-1.353468999999999944e+01 3.200000000000000000e+01
-2.040635999999999939e+01 3.200000000000000000e+01
-3.160000000000000142e+01 3.883350000000000080e+01
