1.794960999999999984e+01 4.774049999999999727e+01
1.778227000000000046e+01 4.773420000000000130e+01
1.776176999999999850e+01 4.774450000000000216e+01
1.770965999999999951e+01 4.775086999999999904e+01
1.760623999999999967e+01 4.781727999999999668e+01
1.756418999999999997e+01 4.781132000000000204e+01
1.752297000000000082e+01 4.786195000000000022e+01
1.749633000000000038e+01 4.786274000000000228e+01
1.745137000000000072e+01 4.788096000000000174e+01
1.742867999999999995e+01 4.791761000000000337e+01
1.739960999999999913e+01 4.794415999999999656e+01
1.737355000000000160e+01 4.795452999999999832e+01
1.733248000000000033e+01 4.798861000000000132e+01
1.725665000000000049e+01 4.799383000000000266e+01
1.724440999999999846e+01 4.800083000000000055e+01
1.724174000000000007e+01 4.801563000000000159e+01
1.720267000000000124e+01 4.801491999999999649e+01
1.716066999999999965e+01 4.800166000000000111e+01
1.711048999999999864e+01 4.802577000000000140e+01
1.708970000000000056e+01 4.801478999999999786e+01
1.706468999999999880e+01 4.802723999999999904e+01
1.706351000000000084e+01 4.803453999999999979e+01
1.708011000000000124e+01 4.804605999999999710e+01
1.706343999999999994e+01 4.805400999999999812e+01
1.707462999999999909e+01 4.806430000000000291e+01
1.706684999999999874e+01 4.808252999999999844e+01
1.708288999999999902e+01 4.809756000000000142e+01
1.705857999999999919e+01 4.811878000000000100e+01
1.705536999999999992e+01 4.813721999999999923e+01
1.702424999999999855e+01 4.813651000000000124e+01
1.697304000000000102e+01 4.816832000000000136e+01
1.695710000000000051e+01 4.821898000000000195e+01
1.694144000000000005e+01 4.823413000000000039e+01
1.694917999999999836e+01 4.826174000000000319e+01
1.691890000000000072e+01 4.826843999999999824e+01
1.690327999999999875e+01 4.828582000000000107e+01
1.688954999999999984e+01 4.831072999999999951e+01
1.690153000000000105e+01 4.832271000000000072e+01
1.683867000000000047e+01 4.834922999999999860e+01
1.682839999999999847e+01 4.838208999999999804e+01
1.684545999999999921e+01 4.838678000000000168e+01
1.685062999999999889e+01 4.839701000000000164e+01
1.684572999999999965e+01 4.841129000000000104e+01
1.685572000000000159e+01 4.842005000000000337e+01
1.684475000000000122e+01 4.844960999999999984e+01
1.688541000000000025e+01 4.848205999999999705e+01
1.688722999999999885e+01 4.849640999999999735e+01
1.690907999999999944e+01 4.850258999999999787e+01
1.691697999999999880e+01 4.852329000000000292e+01
1.693524999999999991e+01 4.852640000000000242e+01
1.694495999999999825e+01 4.853712999999999766e+01
1.693093000000000004e+01 4.856971999999999667e+01
1.692876000000000047e+01 4.860219000000000023e+01
1.696455999999999875e+01 4.864712999999999710e+01
1.696341999999999928e+01 4.867083000000000226e+01
1.699362999999999957e+01 4.869516999999999740e+01
1.699342000000000041e+01 4.871126999999999896e+01
1.700837999999999894e+01 4.872120000000000317e+01
1.704054999999999964e+01 4.876856000000000080e+01
1.708530999999999977e+01 4.878927000000000191e+01
1.708752000000000137e+01 4.880022000000000304e+01
1.710105000000000075e+01 4.880910000000000082e+01
1.710044999999999860e+01 4.882527999999999935e+01
1.710884000000000071e+01 4.883585999999999672e+01
1.715162000000000120e+01 4.884915999999999769e+01
1.720234999999999914e+01 4.888313999999999737e+01
1.727920999999999907e+01 4.886514999999999986e+01
1.730700999999999823e+01 4.884890999999999650e+01
1.732308000000000092e+01 4.885009999999999764e+01
1.736320999999999870e+01 4.881857000000000113e+01
1.737819999999999965e+01 4.882417999999999836e+01
1.739592999999999989e+01 4.881877999999999673e+01
1.745271999999999935e+01 4.885172000000000025e+01
1.747912000000000177e+01 4.884608999999999668e+01
1.750846999999999909e+01 4.882610999999999990e+01
1.752099000000000117e+01 4.883391000000000304e+01
1.752655999999999992e+01 4.881732000000000227e+01
1.754711999999999961e+01 4.882227000000000317e+01
1.754385999999999868e+01 4.882981999999999800e+01
1.755315999999999832e+01 4.883635999999999910e+01
1.758771000000000129e+01 4.883041999999999661e+01
1.759946000000000055e+01 4.884528999999999854e+01
1.761555999999999855e+01 4.884673999999999694e+01
1.763172000000000139e+01 4.885972000000000293e+01
1.770178999999999903e+01 4.886574999999999847e+01
1.777808999999999884e+01 4.891962000000000188e+01
1.777937999999999974e+01 4.892987999999999715e+01
1.788137000000000043e+01 4.893207999999999913e+01
1.790924000000000049e+01 4.899709000000000003e+01
1.790928999999999860e+01 4.901299000000000206e+01
1.792205999999999833e+01 4.902443999999999846e+01
1.799106000000000094e+01 4.903349000000000046e+01
1.802263999999999911e+01 4.902622000000000213e+01
1.806608999999999909e+01 4.904102999999999923e+01
1.808632000000000062e+01 4.906013999999999697e+01
1.808819000000000088e+01 4.907117000000000218e+01
1.811054000000000030e+01 4.909253999999999962e+01
1.810527000000000086e+01 4.911375000000000313e+01
1.811174000000000106e+01 4.912304999999999922e+01
1.810190000000000055e+01 4.913537999999999784e+01
1.812827000000000055e+01 4.916288999999999731e+01
1.812614999999999910e+01 4.919051999999999936e+01
1.814924999999999855e+01 4.922435999999999723e+01
1.813947999999999894e+01 4.922836999999999819e+01
1.814254000000000033e+01 4.925025999999999726e+01
1.817959000000000103e+01 4.927333000000000141e+01
1.818068999999999846e+01 4.929064000000000334e+01
1.829616000000000042e+01 4.930935000000000201e+01
1.837567999999999913e+01 4.933462999999999710e+01
1.840955999999999904e+01 4.936988999999999805e+01
1.840033999999999992e+01 4.940044000000000324e+01
1.844447999999999865e+01 4.939829999999999899e+01
1.847260999999999953e+01 4.941282999999999959e+01
1.848656000000000077e+01 4.943683999999999656e+01
1.853965000000000174e+01 4.946979000000000326e+01
1.853065000000000140e+01 4.949318000000000239e+01
1.856325999999999965e+01 4.951154999999999973e+01
1.859789999999999921e+01 4.951518999999999693e+01
1.860746999999999929e+01 4.950148999999999688e+01
1.861792000000000158e+01 4.950014999999999787e+01
1.867857000000000056e+01 4.951256999999999664e+01
1.874440999999999846e+01 4.949369000000000085e+01
1.881109000000000009e+01 4.952121000000000350e+01
1.894250999999999863e+01 4.952382999999999669e+01
1.897757999999999967e+01 4.950397000000000247e+01
1.896822999999999837e+01 4.948510999999999882e+01
1.897520000000000095e+01 4.947688999999999737e+01
1.896799000000000035e+01 4.945779000000000281e+01
1.899401999999999902e+01 4.943146999999999736e+01
1.898926000000000158e+01 4.941832000000000136e+01
1.897614000000000090e+01 4.941094999999999970e+01
1.898030999999999935e+01 4.940162999999999727e+01
1.903425999999999974e+01 4.940068000000000126e+01
1.905099999999999838e+01 4.941920999999999964e+01
1.907231000000000165e+01 4.942295000000000016e+01
1.909357999999999933e+01 4.942051000000000016e+01
1.911001999999999867e+01 4.940894999999999726e+01
1.913741999999999877e+01 4.941494999999999749e+01
1.915210000000000079e+01 4.940872000000000241e+01
1.917485999999999891e+01 4.941868999999999801e+01
1.918917000000000073e+01 4.941561000000000092e+01
1.918129000000000062e+01 4.943701999999999686e+01
1.919649000000000072e+01 4.945270000000000010e+01
1.922106000000000137e+01 4.945738999999999663e+01
1.921548999999999907e+01 4.947393999999999892e+01
1.923094000000000037e+01 4.949884999999999735e+01
1.922876000000000118e+01 4.951257999999999981e+01
1.925824000000000069e+01 4.953556999999999988e+01
1.936044000000000054e+01 4.954079999999999728e+01
1.936862999999999957e+01 4.957162999999999897e+01
1.939806000000000097e+01 4.957900000000000063e+01
1.940793000000000035e+01 4.959673000000000087e+01
1.943756000000000128e+01 4.960235000000000127e+01
1.944441000000000130e+01 4.961795999999999651e+01
1.946846000000000032e+01 4.961860000000000070e+01
1.948168000000000077e+01 4.959196000000000026e+01
1.953309000000000140e+01 4.957623999999999853e+01
1.953422000000000125e+01 4.953970000000000340e+01
1.957778000000000063e+01 4.946858000000000288e+01
1.961366999999999905e+01 4.945242999999999967e+01
1.964488000000000056e+01 4.946085000000000065e+01
1.964357000000000042e+01 4.944377999999999673e+01
1.965359000000000123e+01 4.943545999999999907e+01
1.964178000000000068e+01 4.941572000000000031e+01
1.970129999999999981e+01 4.940444000000000102e+01
1.972091999999999956e+01 4.939350999999999914e+01
1.974464000000000041e+01 4.941266000000000247e+01
1.979461999999999833e+01 4.941364000000000090e+01
1.979723999999999862e+01 4.938119999999999976e+01
1.980865000000000009e+01 4.936661999999999750e+01
1.980061999999999856e+01 4.934646999999999650e+01
1.980996000000000024e+01 4.932305000000000206e+01
1.979748999999999981e+01 4.930102000000000118e+01
1.981318999999999875e+01 4.929914000000000129e+01
1.982772999999999897e+01 4.927593000000000245e+01
1.979707000000000150e+01 4.926440000000000197e+01
1.976662999999999926e+01 4.921175999999999817e+01
1.978518000000000043e+01 4.920438999999999652e+01
1.980770000000000053e+01 4.921065000000000111e+01
1.984312999999999860e+01 4.919979000000000013e+01
1.986625000000000085e+01 4.920141000000000275e+01
1.989684000000000097e+01 4.921708000000000283e+01
1.990077000000000140e+01 4.923525000000000063e+01
1.993301999999999907e+01 4.924139000000000266e+01
1.998305999999999827e+01 4.923655000000000115e+01
2.001127999999999929e+01 4.922429000000000343e+01
2.002261000000000024e+01 4.920633999999999730e+01
2.007707999999999871e+01 4.918359000000000236e+01
2.008243999999999829e+01 4.920922000000000196e+01
2.009561000000000064e+01 4.922511999999999688e+01
2.009646000000000043e+01 4.925262000000000029e+01
2.012064000000000163e+01 4.927438000000000073e+01
2.012962999999999880e+01 4.930794999999999817e+01
2.014226000000000028e+01 4.932132000000000005e+01
2.015392999999999901e+01 4.932314000000000220e+01
2.016193000000000168e+01 4.931123000000000189e+01
2.016721000000000075e+01 4.933142000000000138e+01
2.022043000000000035e+01 4.935676999999999737e+01
2.023225000000000051e+01 4.935164999999999935e+01
2.029333000000000098e+01 4.935652999999999935e+01
2.031270999999999916e+01 4.934839999999999804e+01
2.032066999999999979e+01 4.936648999999999887e+01
2.031249000000000038e+01 4.939159999999999684e+01
2.032375000000000043e+01 4.940785000000000338e+01
2.036159999999999926e+01 4.940323000000000064e+01
2.037619000000000113e+01 4.941282999999999959e+01
2.039233000000000118e+01 4.939553999999999689e+01
2.042382999999999882e+01 4.940919000000000239e+01
2.043102000000000018e+01 4.942242000000000246e+01
2.047234999999999872e+01 4.942042000000000002e+01
2.050693000000000055e+01 4.940785000000000338e+01
2.051283000000000101e+01 4.939833999999999747e+01
2.057303999999999888e+01 4.938201000000000107e+01
2.059641999999999840e+01 4.939202999999999832e+01
2.061373999999999995e+01 4.942269999999999897e+01
2.064684000000000097e+01 4.940578000000000003e+01
2.069076000000000093e+01 4.942468000000000217e+01
2.072411999999999921e+01 4.942450999999999794e+01
2.074559999999999960e+01 4.941948000000000008e+01
2.074913000000000096e+01 4.940713999999999828e+01
2.076176999999999850e+01 4.940370999999999668e+01
2.075523000000000096e+01 4.939166999999999774e+01
2.076582000000000150e+01 4.938653999999999655e+01
2.076392999999999844e+01 4.937597000000000236e+01
2.078829999999999956e+01 4.937857999999999947e+01
2.079120999999999952e+01 4.936740000000000350e+01
2.081258000000000052e+01 4.936316000000000059e+01
2.082782999999999873e+01 4.933961000000000041e+01
2.086792000000000158e+01 4.935188999999999737e+01
2.088694999999999879e+01 4.932791999999999888e+01
2.090811000000000064e+01 4.932686999999999955e+01
2.091527999999999921e+01 4.931007999999999925e+01
2.092942999999999998e+01 4.930176000000000158e+01
2.096193999999999846e+01 4.931354999999999933e+01
2.098717999999999861e+01 4.931349000000000160e+01
2.098537999999999926e+01 4.933182999999999652e+01
2.104016999999999982e+01 4.936928000000000338e+01
2.109178999999999959e+01 4.937008999999999759e+01
2.109629999999999939e+01 4.937586999999999904e+01
2.105078999999999922e+01 4.940068000000000126e+01
2.104317999999999955e+01 4.942078999999999667e+01
2.109530000000000172e+01 4.943439999999999657e+01
2.111051000000000144e+01 4.942947999999999809e+01
2.112338000000000093e+01 4.944154000000000337e+01
2.115399999999999991e+01 4.943164000000000158e+01
2.119081999999999866e+01 4.940630000000000166e+01
2.120601999999999876e+01 4.940841000000000349e+01
2.122119000000000000e+01 4.941946999999999690e+01
2.121901000000000082e+01 4.942792000000000030e+01
2.122967999999999833e+01 4.944048999999999694e+01
2.124026999999999887e+01 4.943992000000000075e+01
2.127731999999999957e+01 4.946594000000000335e+01
2.130740000000000123e+01 4.945345999999999975e+01
2.134597000000000122e+01 4.945526000000000266e+01
2.137525000000000119e+01 4.943791999999999831e+01
2.140208000000000155e+01 4.943862000000000023e+01
2.143429000000000073e+01 4.941758999999999702e+01
2.147256000000000142e+01 4.941870000000000118e+01
2.149204999999999899e+01 4.943444999999999823e+01
2.151354999999999862e+01 4.942432000000000158e+01
2.152897000000000105e+01 4.943990999999999758e+01
2.155028000000000077e+01 4.943822999999999723e+01
2.156428999999999974e+01 4.944624999999999915e+01
2.158968000000000131e+01 4.943880000000000052e+01
2.163125000000000142e+01 4.945230000000000103e+01
2.166159000000000034e+01 4.942137000000000313e+01
2.168169999999999931e+01 4.941590000000000060e+01
2.169995000000000118e+01 4.942347999999999786e+01
2.172446000000000055e+01 4.941644999999999754e+01
2.172995999999999839e+01 4.940361000000000047e+01
2.176716000000000051e+01 4.938674999999999926e+01
2.177968999999999866e+01 4.936088000000000164e+01
2.180079999999999885e+01 4.938667000000000229e+01
2.183840999999999966e+01 4.939667000000000030e+01
2.186018999999999934e+01 4.937380999999999887e+01
2.187760000000000105e+01 4.937814999999999799e+01
2.190421999999999869e+01 4.935721999999999809e+01
2.196431000000000111e+01 4.935296000000000305e+01
2.198750000000000071e+01 4.931387000000000143e+01
2.203857999999999961e+01 4.928059999999999974e+01
2.203829999999999956e+01 4.926476999999999862e+01
2.204684999999999917e+01 4.925773000000000224e+01
2.204019999999999868e+01 4.922583999999999804e+01
2.214567999999999870e+01 4.920515000000000327e+01
2.214835000000000065e+01 4.919608999999999810e+01
2.219133000000000067e+01 4.917934999999999945e+01
2.220987999999999829e+01 4.919042000000000314e+01
2.222441999999999851e+01 4.918905999999999779e+01
2.224008999999999858e+01 4.917455999999999960e+01
2.223196000000000083e+01 4.915892999999999802e+01
2.228310000000000102e+01 4.914717000000000269e+01
2.231816999999999851e+01 4.914099999999999824e+01
2.233404000000000167e+01 4.915144000000000091e+01
2.236871999999999971e+01 4.915138000000000318e+01
2.242421999999999827e+01 4.910434000000000054e+01
2.245691000000000059e+01 4.910869000000000284e+01
2.249749999999999872e+01 4.909116999999999820e+01
2.253921000000000063e+01 4.909969000000000250e+01
2.257050999999999874e+01 4.908935999999999922e+01
2.256851999999999947e+01 4.907939999999999969e+01
2.255768000000000129e+01 4.907484000000000179e+01
2.255593999999999966e+01 4.902900999999999954e+01
2.254485000000000028e+01 4.901811000000000007e+01
2.254964000000000013e+01 4.900395999999999930e+01
2.252218999999999838e+01 4.899193999999999960e+01
2.248233000000000104e+01 4.898794999999999789e+01
2.247932000000000130e+01 4.897292000000000201e+01
2.243092000000000041e+01 4.892732999999999777e+01
2.243653000000000119e+01 4.891881000000000057e+01
2.242492999999999981e+01 4.888134999999999764e+01
2.238819000000000159e+01 4.886298000000000030e+01
2.238191000000000130e+01 4.883420000000000272e+01
2.239241000000000170e+01 4.879852000000000345e+01
2.237641999999999953e+01 4.877848999999999791e+01
2.235116999999999976e+01 4.876440999999999804e+01
2.234972000000000136e+01 4.875421000000000049e+01
2.236617000000000033e+01 4.874307000000000301e+01
2.236679000000000173e+01 4.872990999999999673e+01
2.234373000000000076e+01 4.868106000000000222e+01
2.231193000000000026e+01 4.867416000000000054e+01
2.225466000000000122e+01 4.864311000000000007e+01
2.224378000000000100e+01 4.862393000000000143e+01
2.219362999999999886e+01 4.860430999999999813e+01
2.217557000000000045e+01 4.858474999999999966e+01
2.216590000000000060e+01 4.856595999999999691e+01
2.214293999999999940e+01 4.843345999999999663e+01
2.214271000000000100e+01 4.841727000000000203e+01
2.215922000000000125e+01 4.840644000000000347e+01
2.216009999999999991e+01 4.839795999999999765e+01
2.213925000000000054e+01 4.838817999999999842e+01
2.213717000000000112e+01 4.837568000000000268e+01
2.211103999999999914e+01 4.837622000000000355e+01
2.208629000000000175e+01 4.836659000000000219e+01
2.207715999999999923e+01 4.837957000000000107e+01
2.205421000000000120e+01 4.837254000000000076e+01
2.202781999999999840e+01 4.838604999999999734e+01
2.198675000000000068e+01 4.837089000000000283e+01
2.195140999999999920e+01 4.837404000000000082e+01
2.192942000000000036e+01 4.835674999999999812e+01
2.190884000000000142e+01 4.836276999999999759e+01
2.186298000000000030e+01 4.835020999999999702e+01
2.185400999999999883e+01 4.836097999999999786e+01
2.184093999999999980e+01 4.835878999999999905e+01
2.183875000000000099e+01 4.833111999999999853e+01
2.182306000000000168e+01 4.832764000000000237e+01
2.172308999999999912e+01 4.834487000000000023e+01
2.170165000000000077e+01 4.836270999999999987e+01
2.169873000000000118e+01 4.837669999999999959e+01
2.166058999999999912e+01 4.838911999999999836e+01
2.166021999999999892e+01 4.841192999999999813e+01
2.162590000000000146e+01 4.844863000000000142e+01
2.160891000000000162e+01 4.850363000000000113e+01
2.153982999999999848e+01 4.850390000000000157e+01
2.152132999999999896e+01 4.851950000000000074e+01
2.151239999999999952e+01 4.854576999999999742e+01
2.143872999999999962e+01 4.857965000000000089e+01
2.142677000000000120e+01 4.857479000000000013e+01
2.142642999999999986e+01 4.856168999999999869e+01
2.141693000000000069e+01 4.855418000000000234e+01
2.133185999999999893e+01 4.855429999999999779e+01
2.130669999999999931e+01 4.851740000000000208e+01
2.122246000000000166e+01 4.853193000000000268e+01
2.118051000000000172e+01 4.851330999999999705e+01
2.116423999999999950e+01 4.851644000000000290e+01
2.113653000000000048e+01 4.849114999999999753e+01
2.111774000000000129e+01 4.848606000000000193e+01
2.109875999999999863e+01 4.849016999999999911e+01
2.108942000000000050e+01 4.849924000000000035e+01
2.109273999999999916e+01 4.850918999999999670e+01
2.106456999999999979e+01 4.852018000000000342e+01
2.101504999999999868e+01 4.852691000000000088e+01
2.098192999999999842e+01 4.851277999999999935e+01
2.095487999999999928e+01 4.851684000000000196e+01
2.095099000000000089e+01 4.852998999999999796e+01
2.093195000000000050e+01 4.853412000000000148e+01
2.091876999999999853e+01 4.855463999999999913e+01
2.086668999999999841e+01 4.854704000000000264e+01
2.083039000000000129e+01 4.857643999999999807e+01
2.072847000000000151e+01 4.855948999999999671e+01
2.071422000000000097e+01 4.856517000000000195e+01
2.068011999999999873e+01 4.855456999999999823e+01
2.065615000000000023e+01 4.855617999999999768e+01
2.058725000000000094e+01 4.853079999999999927e+01
2.054848000000000141e+01 4.853784999999999883e+01
2.053774999999999906e+01 4.852288999999999675e+01
2.051302000000000092e+01 4.853065999999999747e+01
2.051199000000000083e+01 4.848644999999999783e+01
2.049720999999999904e+01 4.848275000000000290e+01
2.047435000000000116e+01 4.846126999999999896e+01
2.047308999999999912e+01 4.844857999999999976e+01
2.045457000000000036e+01 4.844400000000000261e+01
2.042160000000000153e+01 4.841662999999999784e+01
2.042559999999999931e+01 4.840382000000000318e+01
2.041159000000000034e+01 4.838114000000000203e+01
2.041400000000000148e+01 4.836308999999999969e+01
2.039151000000000025e+01 4.834882999999999953e+01
2.036888000000000076e+01 4.831277999999999651e+01
2.034120000000000061e+01 4.829670000000000130e+01
2.032866999999999891e+01 4.826877000000000351e+01
2.028653999999999868e+01 4.825665000000000049e+01
2.024086000000000141e+01 4.827517000000000280e+01
2.023134999999999906e+01 4.825869999999999749e+01
2.020694999999999908e+01 4.824604000000000070e+01
2.013953000000000060e+01 4.824938999999999822e+01
2.014462999999999937e+01 4.824293999999999727e+01
2.013813000000000031e+01 4.822223000000000326e+01
2.009309999999999974e+01 4.819259000000000270e+01
2.008053999999999917e+01 4.819165000000000276e+01
2.008360000000000056e+01 4.818220000000000169e+01
2.007594999999999885e+01 4.817557999999999652e+01
2.004992999999999981e+01 4.816221999999999781e+01
2.002840000000000131e+01 4.817217999999999734e+01
1.998967000000000027e+01 4.815726000000000084e+01
1.997678000000000154e+01 4.816085999999999956e+01
1.993888000000000105e+01 4.812635000000000218e+01
1.989589000000000141e+01 4.812051999999999907e+01
1.989320000000000022e+01 4.813101999999999947e+01
1.990584000000000131e+01 4.814531000000000205e+01
1.989523000000000152e+01 4.816042999999999807e+01
1.986815999999999960e+01 4.816606999999999772e+01
1.985303000000000040e+01 4.816729999999999734e+01
1.984068999999999861e+01 4.815717999999999677e+01
1.981824999999999903e+01 4.816310000000000002e+01
1.980890000000000128e+01 4.814976999999999663e+01
1.979275000000000162e+01 4.814896999999999849e+01
1.977741999999999933e+01 4.816528000000000276e+01
1.979695999999999856e+01 4.818916000000000111e+01
1.978494999999999848e+01 4.818804999999999694e+01
1.974522999999999939e+01 4.821148999999999774e+01
1.972191000000000116e+01 4.819653000000000276e+01
1.968947000000000003e+01 4.819921000000000078e+01
1.967031000000000063e+01 4.821726999999999919e+01
1.966559000000000168e+01 4.823613000000000284e+01
1.964984000000000108e+01 4.823281000000000063e+01
1.963131999999999877e+01 4.824374000000000251e+01
1.957974000000000103e+01 4.821155000000000257e+01
1.953287999999999869e+01 4.820040000000000191e+01
1.953319000000000116e+01 4.818769000000000347e+01
1.951367000000000118e+01 4.817204999999999870e+01
1.951776999999999873e+01 4.815375999999999834e+01
1.950113999999999947e+01 4.813700999999999652e+01
1.949889999999999901e+01 4.810770999999999731e+01
1.946856999999999971e+01 4.807909999999999684e+01
1.945815999999999946e+01 4.807930999999999955e+01
1.944398999999999944e+01 4.809597999999999729e+01
1.940090999999999966e+01 4.807737999999999801e+01
1.937990999999999886e+01 4.808624999999999972e+01
1.930228999999999928e+01 4.808344999999999914e+01
1.927832000000000079e+01 4.806920000000000215e+01
1.925809999999999889e+01 4.806712000000000273e+01
1.924200000000000088e+01 4.804869000000000057e+01
1.913530000000000086e+01 4.806898000000000337e+01
1.910766999999999882e+01 4.806060000000000088e+01
1.908542999999999878e+01 4.806788000000000238e+01
1.905830999999999875e+01 4.805236000000000018e+01
1.901567999999999969e+01 4.806927999999999912e+01
1.898215000000000074e+01 4.804863000000000284e+01
1.893859000000000137e+01 4.805366999999999678e+01
1.883543999999999841e+01 4.804225000000000279e+01
1.882158000000000087e+01 4.801971000000000345e+01
1.882625000000000171e+01 4.800580999999999676e+01
1.881924000000000063e+01 4.798987000000000336e+01
1.876045999999999836e+01 4.797447999999999979e+01
1.878172999999999959e+01 4.795548000000000144e+01
1.877864999999999895e+01 4.793039999999999878e+01
1.876370000000000005e+01 4.791828999999999894e+01
1.876439999999999841e+01 4.789876000000000289e+01
1.876863000000000170e+01 4.787709999999999866e+01
1.881602000000000174e+01 4.785990999999999929e+01
1.883349000000000117e+01 4.783709000000000344e+01
1.885948000000000135e+01 4.783080000000000354e+01
1.885030000000000072e+01 4.781204000000000320e+01
1.879225999999999885e+01 4.781808999999999799e+01
1.874248000000000047e+01 4.780899000000000143e+01
1.872124000000000166e+01 4.778050000000000352e+01
1.864610000000000056e+01 4.775408999999999793e+01
1.855955000000000155e+01 4.776100000000000279e+01
1.849317999999999884e+01 4.774775000000000347e+01
1.845464000000000127e+01 4.776012999999999664e+01
1.829590999999999923e+01 4.772646000000000299e+01
1.808643000000000001e+01 4.775157000000000096e+01
1.803472000000000008e+01 4.775227000000000288e+01
1.800275999999999854e+01 4.774132999999999782e+01
1.797174000000000049e+01 4.775285000000000224e+01
1.794960999999999984e+01 4.774049999999999727e+01
