-1.818554000000000004e+00 3.589822999999999809e+01
-2.159529000000000032e+00 3.577980000000000160e+01
-2.912860999999999922e+00 3.528710999999999842e+01
-2.929856000000000016e+00 3.526917000000000257e+01
-2.949117999999999906e+00 3.526393000000000200e+01
-2.952386999999999873e+00 3.526424000000000092e+01
-2.972404000000000046e+00 3.528540000000000276e+01
-2.972424000000000177e+00 3.528546000000000049e+01
-2.970666000000000029e+00 3.529860999999999649e+01
-2.964748999999999857e+00 3.531336999999999904e+01
-2.959589999999999943e+00 3.531871999999999900e+01
-2.946334999999999926e+00 3.532466000000000150e+01
-2.914235000000000131e+00 3.535349999999999682e+01
-2.922473999999999794e+00 3.547214000000000311e+01
-2.974415000000000031e+00 3.546090999999999838e+01
-3.128324000000000105e+00 3.564784000000000219e+01
-5.011109000000000258e+00 3.573552999999999713e+01
-5.254818000000000211e+00 3.576326999999999856e+01
-5.342838000000000420e+00 3.586856999999999829e+01
-5.355773000000000117e+00 3.587210999999999927e+01
-5.373401000000000316e+00 3.587995999999999697e+01
-5.398531000000000191e+00 3.593988000000000227e+01
-5.630473000000000283e+00 3.591539000000000215e+01
-7.241039999999999921e+00 3.599848999999999677e+01
-7.409518000000000271e+00 3.718381999999999721e+01
-7.417831999999999759e+00 3.721282999999999674e+01
-7.418941000000000230e+00 3.723440000000000083e+01
-7.438430999999999571e+00 3.724837000000000131e+01
-7.429025000000000212e+00 3.727275000000000205e+01
-7.444954000000000072e+00 3.731201999999999686e+01
-7.447286000000000072e+00 3.734548999999999808e+01
-7.440833999999999726e+00 3.735732999999999748e+01
-7.442216000000000165e+00 3.739150999999999669e+01
-7.463836999999999833e+00 3.740670999999999680e+01
-7.464351999999999876e+00 3.741420999999999708e+01
-7.452678999999999832e+00 3.741897999999999769e+01
-7.458466999999999736e+00 3.742508999999999730e+01
-7.470703000000000316e+00 3.746885999999999939e+01
-7.472419999999999618e+00 3.748140000000000072e+01
-7.467957000000000178e+00 3.748861999999999739e+01
-7.477055000000000007e+00 3.749284000000000106e+01
-7.484950999999999688e+00 3.749569999999999936e+01
-7.492703999999999809e+00 3.750538999999999845e+01
-7.492083000000000048e+00 3.751953999999999922e+01
-7.511516000000000304e+00 3.752181000000000211e+01
-7.524659999999999904e+00 3.755333000000000254e+01
-7.517566999999999666e+00 3.756920999999999822e+01
-7.515164000000000399e+00 3.757383999999999702e+01
-7.505035999999999596e+00 3.757954999999999757e+01
-7.503662000000000276e+00 3.758838999999999686e+01
-7.499371000000000009e+00 3.759302000000000277e+01
-7.505927999999999933e+00 3.760387999999999664e+01
-7.490273000000000181e+00 3.760661999999999949e+01
-7.487353999999999843e+00 3.761314000000000135e+01
-7.484092999999999662e+00 3.761777000000000015e+01
-7.484779999999999767e+00 3.762537999999999982e+01
-7.473792999999999687e+00 3.762715000000000032e+01
-7.471904999999999575e+00 3.763598000000000354e+01
-7.466412000000000049e+00 3.764251000000000147e+01
-7.469330000000000247e+00 3.764985000000000070e+01
-7.461090000000000444e+00 3.765324999999999989e+01
-7.458483000000000196e+00 3.766085000000000349e+01
-7.450103999999999616e+00 3.769794999999999874e+01
-7.422466000000000008e+00 3.775999000000000194e+01
-7.329253999999999714e+00 3.781792000000000087e+01
-7.298699000000000048e+00 3.785777999999999821e+01
-7.284278999999999726e+00 3.789882999999999669e+01
-7.263335999999999792e+00 3.792510999999999655e+01
-7.256813000000000180e+00 3.793865000000000265e+01
-7.254067000000000043e+00 3.796368999999999971e+01
-7.265740000000000087e+00 3.798020000000000351e+01
-7.245655000000000179e+00 3.799304999999999666e+01
-7.226943999999999591e+00 3.799318999999999846e+01
-7.203255000000000408e+00 3.800468999999999653e+01
-7.185229999999999784e+00 3.800374000000000052e+01
-7.166691000000000145e+00 3.799737999999999971e+01
-7.146435000000000315e+00 3.800455000000000183e+01
-7.126865999999999701e+00 3.800468999999999653e+01
-7.133560000000000123e+00 3.802226999999999890e+01
-7.130469999999999864e+00 3.803011000000000053e+01
-7.119483999999999924e+00 3.803511000000000308e+01
-7.099571000000000076e+00 3.804688000000000159e+01
-7.077599000000000196e+00 3.803578999999999866e+01
-7.067127000000000159e+00 3.803497999999999735e+01
-7.056828000000000323e+00 3.802036999999999978e+01
-7.023697000000000301e+00 3.802604999999999791e+01
-7.007903999999999911e+00 3.802403000000000333e+01
-7.005328999999999695e+00 3.804431000000000296e+01
-7.000523000000000273e+00 3.805051999999999879e+01
-6.991596000000000366e+00 3.810376999999999725e+01
-6.965847000000000122e+00 3.813360999999999734e+01
-6.961040999999999812e+00 3.813604000000000127e+01
-6.962756999999999863e+00 3.814023000000000252e+01
-6.960696999999999690e+00 3.815223999999999904e+01
-6.972369999999999735e+00 3.815993999999999886e+01
-6.970309999999999562e+00 3.816964999999999719e+01
-6.941072000000000131e+00 3.820297000000000054e+01
-6.952973000000000070e+00 3.821296000000000248e+01
-6.969109000000000442e+00 3.820123000000000246e+01
-7.004828999999999972e+00 3.819980000000000331e+01
-7.021836000000000411e+00 3.818269999999999698e+01
-7.048759999999999692e+00 3.817815999999999832e+01
-7.065411000000000108e+00 3.817667000000000144e+01
-7.084464999999999790e+00 3.816559999999999775e+01
-7.110729000000000077e+00 3.818625000000000114e+01
-7.144943999999999740e+00 3.823924000000000234e+01
-7.149524999999999686e+00 3.826393000000000200e+01
-7.172138000000000346e+00 3.827750999999999948e+01
-7.233811000000000213e+00 3.835430999999999813e+01
-7.263893999999999629e+00 3.838190999999999775e+01
-7.274837999999999916e+00 3.839643000000000228e+01
-7.284278999999999726e+00 3.841741999999999990e+01
-7.300587000000000160e+00 3.842495000000000260e+01
-7.338866999999999585e+00 3.843435999999999808e+01
-7.332000999999999991e+00 3.844525000000000148e+01
-7.308567000000000036e+00 3.846829999999999927e+01
-7.324963000000000335e+00 3.847523000000000337e+01
-7.315178000000000402e+00 3.851834999999999809e+01
-7.305392999999999581e+00 3.854332999999999743e+01
-7.287711999999999968e+00 3.857446999999999804e+01
-7.269173000000000329e+00 3.858843000000000245e+01
-7.261104999999999698e+00 3.861312000000000211e+01
-7.276038999999999923e+00 3.863859999999999673e+01
-7.269173000000000329e+00 3.869890999999999792e+01
-7.261619999999999742e+00 3.872489000000000203e+01
-7.239303999999999739e+00 3.873895000000000266e+01
-7.220077999999999996e+00 3.874418000000000006e+01
-7.193984999999999630e+00 3.877040999999999826e+01
-7.161648999999999710e+00 3.878520000000000323e+01
-7.155533000000000143e+00 3.879851000000000028e+01
-7.130997999999999948e+00 3.881736000000000075e+01
-7.094853999999999772e+00 3.882099999999999795e+01
-7.070045999999999609e+00 3.885535000000000139e+01
-7.049789999999999779e+00 3.886310000000000286e+01
-7.038116999999999734e+00 3.887646999999999764e+01
-7.055283000000000193e+00 3.890733000000000175e+01
-7.030048999999999992e+00 3.892363000000000284e+01
-7.022495000000000154e+00 3.894071999999999889e+01
-6.986617999999999995e+00 3.898210000000000264e+01
-6.957264000000000337e+00 3.902358000000000260e+01
-6.970481999999999623e+00 3.903838999999999970e+01
-6.974794000000000160e+00 3.907524999999999693e+01
-7.033652000000000015e+00 3.911514999999999986e+01
-7.111248999999999931e+00 3.909436000000000178e+01
-7.144718000000000124e+00 3.910701999999999856e+01
-7.152531999999999890e+00 3.911231999999999687e+01
-7.152442999999999884e+00 3.912194000000000216e+01
-7.137336999999999598e+00 3.916747000000000156e+01
-7.207900999999999669e+00 3.918442999999999898e+01
-7.243079999999999963e+00 3.920259999999999678e+01
-7.250007000000000090e+00 3.925686999999999927e+01
-7.237090000000000245e+00 3.927669000000000210e+01
-7.309118999999999922e+00 3.933413999999999788e+01
-7.325054999999999872e+00 3.938159999999999883e+01
-7.305233999999999561e+00 3.941758999999999702e+01
-7.311042999999999736e+00 3.943590999999999980e+01
-7.300163000000000402e+00 3.946043000000000234e+01
-7.363801999999999737e+00 3.948042000000000229e+01
-7.389968999999999788e+00 3.949233000000000260e+01
-7.394287000000000276e+00 3.952667999999999893e+01
-7.438687999999999967e+00 3.953428999999999860e+01
-7.463493999999999851e+00 3.957036999999999694e+01
-7.497386999999999802e+00 3.958431999999999817e+01
-7.524867000000000417e+00 3.962765999999999877e+01
-7.543689999999999785e+00 3.966917999999999722e+01
-7.485980999999999774e+00 3.966702999999999690e+01
-7.425392999999999688e+00 3.966114000000000317e+01
-7.418689999999999785e+00 3.965276000000000067e+01
-7.370796000000000348e+00 3.965368000000000137e+01
-7.333546000000000120e+00 3.964377000000000351e+01
-7.299557000000000073e+00 3.965962999999999994e+01
-7.268825999999999787e+00 3.966884000000000299e+01
-7.146607000000000376e+00 3.965883999999999787e+01
-7.125664000000000442e+00 3.966610000000000014e+01
-7.114347000000000421e+00 3.966608000000000089e+01
-7.064255000000000173e+00 3.966156999999999755e+01
-7.020434999999999981e+00 3.967235000000000156e+01
-6.995675999999999561e+00 3.972511999999999688e+01
-6.989638000000000240e+00 3.980901000000000067e+01
-6.981900999999999691e+00 3.982359000000000293e+01
-6.951757999999999882e+00 3.983019000000000176e+01
-6.935609000000000357e+00 3.984956999999999994e+01
-6.930312999999999946e+00 3.985730999999999824e+01
-6.906468000000000274e+00 3.987140999999999735e+01
-6.912117000000000289e+00 3.991843000000000075e+01
-6.875037999999999982e+00 4.001051999999999964e+01
-6.883621999999999908e+00 4.001894000000000062e+01
-6.887055000000000149e+00 4.004048999999999836e+01
-6.920357000000000092e+00 4.006387999999999749e+01
-6.947822999999999638e+00 4.010381000000000284e+01
-6.994857999999999798e+00 4.010985000000000156e+01
-7.018513999999999697e+00 4.012548999999999921e+01
-7.033997000000000277e+00 4.018753000000000242e+01
-7.017838000000000243e+00 4.022379000000000104e+01
-6.990052000000000376e+00 4.024336999999999875e+01
-6.967736000000000374e+00 4.024257999999999669e+01
-6.953659000000000034e+00 4.025883000000000322e+01
-6.921044000000000196e+00 4.026250000000000284e+01
-6.875725000000000087e+00 4.026512000000000313e+01
-6.865942000000000434e+00 4.028403000000000134e+01
-6.865469000000000044e+00 4.030181000000000324e+01
-6.820871000000000350e+00 4.032719000000000165e+01
-6.796710000000000029e+00 4.033082999999999885e+01
-6.793288999999999689e+00 4.036878000000000100e+01
-6.838645999999999781e+00 4.040460999999999814e+01
-6.856156000000000361e+00 4.045347999999999900e+01
-6.821137000000000228e+00 4.050126999999999811e+01
-6.804520000000000124e+00 4.051169000000000153e+01
-6.807519000000000098e+00 4.055140000000000100e+01
-6.849632999999999861e+00 4.056206999999999852e+01
-6.842766000000000126e+00 4.059362000000000137e+01
-6.835814000000000057e+00 4.059825000000000017e+01
-6.829290000000000305e+00 4.060345999999999833e+01
-6.826544000000000167e+00 4.060788999999999760e+01
-6.822766999999999804e+00 4.061173999999999751e+01
-6.798477000000000103e+00 4.066123999999999938e+01
-6.807059999999999889e+00 4.066409999999999769e+01
-6.811621999999999844e+00 4.069742000000000104e+01
-6.831864999999999633e+00 4.074222999999999928e+01
-6.831341000000000108e+00 4.077022999999999797e+01
-6.820955999999999797e+00 4.080142000000000024e+01
-6.825599999999999667e+00 4.081848999999999705e+01
-6.828272000000000119e+00 4.084586000000000183e+01
-6.803395000000000081e+00 4.084823999999999700e+01
-6.810546999999999684e+00 4.088045000000000329e+01
-6.830377000000000365e+00 4.087993999999999772e+01
-6.850531000000000148e+00 4.090084999999999837e+01
-6.860020999999999702e+00 4.094147000000000247e+01
-6.933364000000000082e+00 4.101431999999999789e+01
-6.931644000000000361e+00 4.102980999999999767e+01
-6.916193999999999953e+00 4.103941999999999979e+01
-6.907696999999999754e+00 4.103712000000000160e+01
-6.904220999999999719e+00 4.103468999999999767e+01
-6.897655000000000314e+00 4.103356000000000137e+01
-6.879330000000000389e+00 4.102915999999999741e+01
-6.864009000000000249e+00 4.102819000000000216e+01
-6.843238000000000376e+00 4.102886999999999773e+01
-6.822853000000000279e+00 4.103300999999999732e+01
-6.813626000000000182e+00 4.103925999999999874e+01
-6.808562000000000225e+00 4.104672999999999661e+01
-6.803411999999999793e+00 4.104887000000000086e+01
-6.782168999999999670e+00 4.106886999999999688e+01
-6.775303000000000075e+00 4.107864000000000004e+01
-6.770067000000000057e+00 4.108919000000000210e+01
-6.765946999999999711e+00 4.109125000000000227e+01
-6.763802000000000092e+00 4.109584999999999866e+01
-6.760196999999999790e+00 4.109843999999999653e+01
-6.757535999999999987e+00 4.110316000000000258e+01
-6.759337999999999624e+00 4.110658000000000101e+01
-6.776735999999999649e+00 4.112850000000000250e+01
-6.702550999999999704e+00 4.118845999999999918e+01
-6.693919000000000175e+00 4.120909000000000333e+01
-6.649343000000000004e+00 4.124942000000000064e+01
-6.616344999999999921e+00 4.125019000000000347e+01
-6.590002000000000137e+00 4.125802999999999798e+01
-6.572308999999999735e+00 4.124112000000000222e+01
-6.522518999999999956e+00 4.127794999999999703e+01
-6.512146000000000434e+00 4.127315999999999718e+01
-6.506996000000000002e+00 4.126749000000000223e+01
-6.483134999999999870e+00 4.127548000000000172e+01
-6.491889999999999716e+00 4.128284000000000020e+01
-6.493552000000000213e+00 4.128732000000000113e+01
-6.486912000000000234e+00 4.129283000000000214e+01
-6.471290999999999904e+00 4.130109000000000208e+01
-6.466656000000000404e+00 4.130295999999999879e+01
-6.442880999999999858e+00 4.130572999999999695e+01
-6.439276000000000444e+00 4.131927000000000305e+01
-6.425284999999999691e+00 4.134253999999999962e+01
-6.397613999999999912e+00 4.136368999999999829e+01
-6.393227999999999689e+00 4.138593999999999795e+01
-6.366379000000000232e+00 4.139697999999999922e+01
-6.334732999999999947e+00 4.138723000000000241e+01
-6.334772000000000070e+00 4.141521999999999792e+01
-6.297735999999999557e+00 4.143630000000000280e+01
-6.307896000000000392e+00 4.144870000000000232e+01
-6.285210000000000186e+00 4.147925999999999647e+01
-6.279201999999999728e+00 4.148228000000000293e+01
-6.272807000000000244e+00 4.148592000000000013e+01
-6.268988000000000227e+00 4.148758999999999730e+01
-6.265768999999999700e+00 4.148796999999999713e+01
-6.263279999999999959e+00 4.148785000000000167e+01
-6.264009999999999856e+00 4.148910000000000053e+01
-6.267057000000000322e+00 4.149190000000000111e+01
-6.269331000000000209e+00 4.149430999999999869e+01
-6.267614000000000019e+00 4.149765000000000015e+01
-6.265554999999999986e+00 4.149996000000000151e+01
-6.257056999999999647e+00 4.149925999999999959e+01
-6.256285000000000096e+00 4.150395000000000323e+01
-6.260061000000000320e+00 4.151165999999999912e+01
-6.258244999999999614e+00 4.151487999999999801e+01
-6.246204999999999785e+00 4.151720000000000255e+01
-6.196614000000000289e+00 4.158026000000000266e+01
-6.198010000000000019e+00 4.158995999999999782e+01
-6.234569999999999723e+00 4.160481999999999658e+01
-6.285454999999999792e+00 4.165225999999999829e+01
-6.354218000000000366e+00 4.167291000000000167e+01
-6.374640999999999558e+00 4.167264000000000124e+01
-6.439706000000000152e+00 4.167999999999999972e+01
-6.453438000000000230e+00 4.166445000000000221e+01
-6.498992999999999576e+00 4.165297999999999945e+01
-6.549568999999999974e+00 4.167907000000000295e+01
-6.559181999999999846e+00 4.169700999999999880e+01
-6.556168000000000440e+00 4.172064999999999912e+01
-6.571633000000000280e+00 4.174421999999999855e+01
-6.556136999999999659e+00 4.176814999999999856e+01
-6.547636999999999929e+00 4.179538000000000153e+01
-6.523528999999999911e+00 4.187339000000000055e+01
-6.574292999999999942e+00 4.188181999999999761e+01
-6.548704999999999998e+00 4.193965000000000032e+01
-6.585525999999999769e+00 4.196432000000000073e+01
-6.598950000000000315e+00 4.194695999999999714e+01
-6.617454000000000391e+00 4.193894999999999840e+01
-6.670348999999999862e+00 4.193623000000000189e+01
-6.696975000000000122e+00 4.193063000000000073e+01
-6.750447999999999560e+00 4.194124000000000052e+01
-6.776676000000000144e+00 4.198398999999999859e+01
-6.803122000000000114e+00 4.198357000000000028e+01
-6.821388999999999925e+00 4.194297000000000253e+01
-6.892902999999999558e+00 4.193840000000000146e+01
-6.943012000000000405e+00 4.194185000000000230e+01
-6.971683999999999770e+00 4.197034000000000020e+01
-7.009466999999999892e+00 4.194740000000000180e+01
-7.070790999999999826e+00 4.194686000000000092e+01
-7.140342999999999662e+00 4.198888999999999783e+01
-7.157407000000000075e+00 4.197496000000000294e+01
-7.176345999999999670e+00 4.197776000000000352e+01
-7.184384999999999799e+00 4.196931000000000012e+01
-7.180774999999999686e+00 4.195156999999999670e+01
-7.182548999999999850e+00 4.194080000000000297e+01
-7.171899999999999942e+00 4.191911000000000342e+01
-7.182610000000000383e+00 4.189779999999999660e+01
-7.195750000000000313e+00 4.187837999999999994e+01
-7.231034000000000184e+00 4.186563999999999908e+01
-7.253168999999999755e+00 4.186227000000000231e+01
-7.308816000000000201e+00 4.184212000000000131e+01
-7.356211000000000055e+00 4.183807999999999794e+01
-7.383649000000000129e+00 4.184035000000000082e+01
-7.395982000000000056e+00 4.182119000000000142e+01
-7.427711000000000396e+00 4.180443000000000353e+01
-7.446170000000000400e+00 4.183702999999999861e+01
-7.452913999999999817e+00 4.186243000000000336e+01
-7.485301999999999900e+00 4.185972999999999900e+01
-7.492484000000000144e+00 4.186885000000000190e+01
-7.509790999999999883e+00 4.186341999999999786e+01
-7.503777000000000363e+00 4.184920000000000329e+01
-7.540135000000000254e+00 4.183039000000000129e+01
-7.616959999999999731e+00 4.182601999999999975e+01
-7.614215999999999873e+00 4.184606000000000137e+01
-7.604079999999999728e+00 4.186639999999999873e+01
-7.589015999999999984e+00 4.187769000000000119e+01
-7.608165999999999762e+00 4.187798999999999694e+01
-7.617320000000000313e+00 4.188217999999999819e+01
-7.628218000000000387e+00 4.187785999999999831e+01
-7.659008000000000038e+00 4.188080999999999676e+01
-7.699953999999999965e+00 4.190597000000000349e+01
-7.731113999999999820e+00 4.189077999999999946e+01
-7.742937999999999654e+00 4.189155000000000229e+01
-7.759746999999999950e+00 4.189724999999999966e+01
-7.783253000000000199e+00 4.188280000000000314e+01
-7.836983000000000033e+00 4.187780000000000058e+01
-7.838745000000000296e+00 4.186598000000000042e+01
-7.873764000000000429e+00 4.184270999999999674e+01
-7.895222000000000406e+00 4.185806000000000182e+01
-7.885557000000000372e+00 4.188347999999999871e+01
-7.888481999999999772e+00 4.190540000000000020e+01
-7.886262999999999579e+00 4.192446000000000339e+01
-7.902097000000000371e+00 4.192475000000000307e+01
-7.918193999999999733e+00 4.187877999999999901e+01
-7.945465999999999696e+00 4.186966999999999928e+01
-7.979410999999999810e+00 4.187091999999999814e+01
-8.011658000000000612e+00 4.182768000000000086e+01
-8.032384000000000412e+00 4.182771999999999935e+01
-8.055234999999999701e+00 4.181432000000000215e+01
-8.092522000000000659e+00 4.180707999999999913e+01
-8.121924999999999173e+00 4.180559000000000225e+01
-8.167991999999999919e+00 4.181674000000000291e+01
-8.164901999999999660e+00 4.184859000000000151e+01
-8.170953000000000799e+00 4.187478999999999729e+01
-8.201294000000000750e+00 4.187250000000000227e+01
-8.204428999999999306e+00 4.188911000000000229e+01
-8.215462999999999738e+00 4.189562999999999704e+01
-8.218676000000000315e+00 4.191185000000000116e+01
-8.200836999999999932e+00 4.193898000000000081e+01
-8.178815000000000168e+00 4.195566999999999780e+01
-8.165174999999999628e+00 4.198400999999999783e+01
-8.141553999999999292e+00 4.199045999999999879e+01
-8.131391999999999953e+00 4.200580000000000069e+01
-8.087552000000000518e+00 4.201713999999999771e+01
-8.087116999999999223e+00 4.204740999999999929e+01
-8.098350999999999189e+00 4.206801000000000101e+01
-8.120670000000000499e+00 4.207929000000000030e+01
-8.171158000000000143e+00 4.206441000000000230e+01
-8.187058000000000391e+00 4.206622999999999735e+01
-8.195800999999999448e+00 4.212968000000000046e+01
-8.189534999999999343e+00 4.213730999999999938e+01
-8.197431999999999164e+00 4.214864000000000033e+01
-8.204812999999999690e+00 4.214050000000000296e+01
-8.229789000000000243e+00 4.212874000000000052e+01
-8.240964999999999208e+00 4.213640000000000185e+01
-8.258105999999999725e+00 4.211995999999999896e+01
-8.273305999999999827e+00 4.212190999999999974e+01
-8.298368999999999218e+00 4.210548000000000002e+01
-8.303003000000000355e+00 4.210327999999999804e+01
-8.314033000000000229e+00 4.210242999999999824e+01
-8.320168999999999926e+00 4.210114999999999696e+01
-8.323259000000000185e+00 4.209857000000000227e+01
-8.323430999999999358e+00 4.209340999999999866e+01
-8.324075000000000557e+00 4.209009999999999962e+01
-8.332577000000000567e+00 4.208220000000000027e+01
-8.344288000000000594e+00 4.208364000000000260e+01
-8.353429000000000215e+00 4.208803000000000338e+01
-8.361712000000000700e+00 4.208805999999999869e+01
-8.369135999999999243e+00 4.208462000000000103e+01
-8.382353999999999417e+00 4.207477999999999696e+01
-8.390893999999999409e+00 4.207424000000000319e+01
-8.397802999999999685e+00 4.207891999999999655e+01
-8.402613999999999805e+00 4.207887000000000199e+01
-8.411708000000000851e+00 4.207605999999999824e+01
-8.419518999999999309e+00 4.207204000000000121e+01
-8.429904000000000508e+00 4.207162999999999897e+01
-8.438658999999999466e+00 4.207784000000000191e+01
-8.446635000000000559e+00 4.208131999999999806e+01
-8.478398000000000323e+00 4.208012999999999693e+01
-8.484363999999999351e+00 4.208089999999999975e+01
-8.489857000000000653e+00 4.208044999999999902e+01
-8.495692999999999273e+00 4.207885999999999882e+01
-8.500071000000000154e+00 4.207735999999999876e+01
-8.514189999999999259e+00 4.207751999999999981e+01
-8.521141999999999328e+00 4.207786999999999722e+01
-8.525221000000000160e+00 4.207545999999999964e+01
-8.525605000000000544e+00 4.206678999999999746e+01
-8.523716999999999544e+00 4.206427000000000049e+01
-8.526979000000000752e+00 4.206098999999999677e+01
-8.536891999999999925e+00 4.205731999999999715e+01
-8.546848000000000667e+00 4.205346999999999724e+01
-8.561052999999999358e+00 4.205181000000000324e+01
-8.573584999999999567e+00 4.205221999999999838e+01
-8.582425000000000637e+00 4.205136000000000251e+01
-8.597531000000000034e+00 4.205420000000000158e+01
-8.634997000000000256e+00 4.204668000000000205e+01
-8.645982999999999308e+00 4.203609999999999758e+01
-8.655509999999999593e+00 4.202991000000000099e+01
-8.656625999999999266e+00 4.201818000000000097e+01
-8.659506999999999621e+00 4.200363000000000113e+01
-8.678779000000000465e+00 4.198933000000000249e+01
-8.699712999999999141e+00 4.198232999999999748e+01
-8.721942999999999557e+00 4.197583000000000197e+01
-8.742198999999999387e+00 4.196522999999999826e+01
-8.746060999999999197e+00 4.195604000000000156e+01
-8.745718000000000103e+00 4.194679000000000002e+01
-8.747476999999999947e+00 4.193934999999999746e+01
-8.764075999999999311e+00 4.192557000000000045e+01
-8.778591000000000477e+00 4.191964999999999719e+01
-8.787174000000000262e+00 4.191492000000000218e+01
-8.810600000000000875e+00 4.190502999999999645e+01
-8.829853999999999203e+00 4.189206000000000074e+01
-8.843650999999999485e+00 4.187863999999999720e+01
-8.853564000000000433e+00 4.187288000000000210e+01
-8.863049000000000177e+00 4.187055000000000149e+01
-8.870687999999999462e+00 4.186234000000000322e+01
-9.498331000000000301e+00 4.183422999999999803e+01
-9.779014000000000095e+00 4.414855000000000018e+01
-1.697389000000000037e+00 4.360922999999999661e+01
-1.765708999999999973e+00 4.338409000000000049e+01
-1.789055000000000062e+00 4.337610999999999706e+01
-1.789457000000000075e+00 4.337277000000000271e+01
-1.788024999999999975e+00 4.336918000000000006e+01
-1.778505999999999920e+00 4.336299000000000348e+01
-1.786696000000000062e+00 4.335397999999999996e+01
-1.786909000000000081e+00 4.335208000000000084e+01
-1.786221999999999976e+00 4.335083000000000197e+01
-1.784377000000000102e+00 4.334951000000000221e+01
-1.783090000000000064e+00 4.334882000000000346e+01
-1.781179999999999986e+00 4.334841999999999729e+01
-1.780086000000000057e+00 4.334848000000000212e+01
-1.778454999999999897e+00 4.334826000000000334e+01
-1.777531999999999890e+00 4.334817999999999927e+01
-1.776974000000000053e+00 4.334741999999999962e+01
-1.776737999999999928e+00 4.334617000000000075e+01
-1.776651999999999898e+00 4.334537000000000262e+01
-1.776094000000000062e+00 4.334436999999999784e+01
-1.774162999999999935e+00 4.334353000000000122e+01
-1.771910000000000096e+00 4.334266000000000219e+01
-1.769377999999999895e+00 4.334241999999999706e+01
-1.767897999999999969e+00 4.334262999999999977e+01
-1.766480999999999968e+00 4.334308999999999656e+01
-1.765322999999999976e+00 4.334340999999999866e+01
-1.762210999999999972e+00 4.334441000000000344e+01
-1.760366000000000097e+00 4.334434000000000253e+01
-1.758842000000000017e+00 4.334431000000000012e+01
-1.757468999999999948e+00 4.334405000000000285e+01
-1.754378999999999911e+00 4.334230000000000160e+01
-1.753069999999999906e+00 4.334134999999999849e+01
-1.752297999999999911e+00 4.333953999999999951e+01
-1.750988999999999907e+00 4.333592000000000155e+01
-1.752534000000000036e+00 4.333404000000000167e+01
-1.750237999999999960e+00 4.333182999999999652e+01
-1.744615999999999945e+00 4.333183999999999969e+01
-1.741203999999999974e+00 4.333196999999999832e+01
-1.736610999999999905e+00 4.333041999999999661e+01
-1.737943000000000016e+00 4.332596000000000203e+01
-1.736976999999999993e+00 4.332410000000000139e+01
-1.736804999999999932e+00 4.332162000000000290e+01
-1.740539000000000058e+00 4.331680999999999671e+01
-1.735449999999999937e+00 4.331262000000000256e+01
-1.728630000000000111e+00 4.329782000000000153e+01
-1.722622000000000098e+00 4.330125999999999920e+01
-1.713351999999999986e+00 4.330181999999999931e+01
-1.706399999999999917e+00 4.330906999999999840e+01
-1.698654000000000108e+00 4.331224000000000274e+01
-1.692580999999999891e+00 4.331269000000000347e+01
-1.683740999999999932e+00 4.331119000000000341e+01
-1.667834999999999956e+00 4.331654999999999944e+01
-1.654214999999999991e+00 4.331338000000000221e+01
-1.645888999999999935e+00 4.330832000000000193e+01
-1.635949000000000098e+00 4.330908000000000158e+01
-1.635434000000000054e+00 4.330915999999999855e+01
-1.621837999999999891e+00 4.330707000000000306e+01
-1.621857000000000104e+00 4.330062999999999818e+01
-1.629067000000000043e+00 4.328607999999999834e+01
-1.623172999999999977e+00 4.327199999999999847e+01
-1.613852999999999982e+00 4.325737999999999772e+01
-1.577177000000000051e+00 4.325437999999999761e+01
-1.566324000000000050e+00 4.326395999999999731e+01
-1.565981000000000067e+00 4.328844999999999743e+01
-1.556796999999999986e+00 4.329175999999999647e+01
-1.540575000000000028e+00 4.329339000000000226e+01
-1.535339000000000009e+00 4.329514000000000351e+01
-1.514138999999999902e+00 4.329435999999999751e+01
-1.505921000000000065e+00 4.329372000000000043e+01
-1.503303000000000056e+00 4.329185999999999979e+01
-1.498261000000000065e+00 4.328732999999999720e+01
-1.491802000000000072e+00 4.328181000000000012e+01
-1.484226999999999963e+00 4.328443999999999647e+01
-1.465645000000000087e+00 4.327438999999999680e+01
-1.440085999999999977e+00 4.326861000000000246e+01
-1.427707999999999977e+00 4.326814000000000249e+01
-1.415777000000000063e+00 4.327427000000000135e+01
-1.407194000000000056e+00 4.327282999999999902e+01
-1.377842999999999929e+00 4.325157999999999703e+01
-1.379814000000000096e+00 4.324239000000000033e+01
-1.375143000000000004e+00 4.323416000000000281e+01
-1.382217000000000029e+00 4.322075000000000244e+01
-1.379470999999999892e+00 4.321580999999999761e+01
-1.383075999999999972e+00 4.320792999999999751e+01
-1.382131999999999916e+00 4.319879000000000246e+01
-1.384449000000000041e+00 4.319415999999999656e+01
-1.382004999999999928e+00 4.318872000000000355e+01
-1.384020000000000028e+00 4.318614999999999782e+01
-1.398438999999999988e+00 4.318001999999999896e+01
-1.401345999999999981e+00 4.315601000000000198e+01
-1.413043000000000049e+00 4.312740999999999758e+01
-1.425645000000000051e+00 4.311482000000000170e+01
-1.468428000000000067e+00 4.309226999999999919e+01
-1.466093000000000091e+00 4.307670999999999850e+01
-1.439523000000000108e+00 4.304731000000000307e+01
-1.355445999999999929e+00 4.303014000000000294e+01
-1.345825000000000049e+00 4.305340000000000344e+01
-1.347240999999999911e+00 4.309268000000000143e+01
-1.328052000000000010e+00 4.311525999999999925e+01
-1.266890000000000072e+00 4.312026999999999788e+01
-1.272569000000000061e+00 4.311491000000000184e+01
-1.281409000000000020e+00 4.310918999999999812e+01
-1.283169000000000004e+00 4.310497999999999763e+01
-1.290184999999999915e+00 4.310052999999999912e+01
-1.298103000000000007e+00 4.309089000000000169e+01
-1.305566000000000004e+00 4.307442000000000348e+01
-1.305657000000000068e+00 4.307045999999999708e+01
-1.295528000000000013e+00 4.306750999999999863e+01
-1.285314999999999985e+00 4.306387000000000143e+01
-1.252960000000000074e+00 4.304670999999999736e+01
-1.227127000000000079e+00 4.305675000000000097e+01
-1.164061999999999930e+00 4.303627999999999787e+01
-1.134336999999999929e+00 4.302228000000000208e+01
-1.113169000000000075e+00 4.302584000000000231e+01
-1.079749999999999988e+00 4.301154999999999973e+01
-1.084175000000000111e+00 4.300341999999999842e+01
-1.014347000000000110e+00 4.299712000000000245e+01
-9.436229999999999896e-01 4.295553999999999917e+01
-9.272259999999999946e-01 4.295645999999999987e+01
-9.144400000000000306e-01 4.296647000000000105e+01
-8.955579999999999652e-01 4.296370999999999896e+01
-8.936690000000000467e-01 4.295806000000000324e+01
-8.387379999999999836e-01 4.295617000000000019e+01
-8.141899999999999693e-01 4.295378000000000185e+01
-7.942770000000000108e-01 4.296584000000000003e+01
-7.715210000000000123e-01 4.297019000000000233e+01
-7.475950000000000095e-01 4.296889999999999787e+01
-7.165150000000000130e-01 4.292009999999999792e+01
-7.276730000000000143e-01 4.289847999999999928e+01
-6.950570000000000359e-01 4.288049000000000177e+01
-6.792639999999999789e-01 4.288803999999999661e+01
-6.004720000000000057e-01 4.283330000000000126e+01
-5.910300000000000553e-01 4.280774000000000257e+01
-5.724909999999999721e-01 4.281127000000000038e+01
-5.649380000000000512e-01 4.280559999999999832e+01
-5.607039999999999802e-01 4.279147999999999996e+01
-5.553249999999999575e-01 4.278280000000000172e+01
-5.426220000000000487e-01 4.279578000000000060e+01
-5.276870000000000172e-01 4.279578000000000060e+01
-5.279709999999999681e-01 4.280866999999999933e+01
-5.230620000000000269e-01 4.281804000000000343e+01
-5.043410000000000393e-01 4.283091000000000292e+01
-4.725840000000000041e-01 4.281190000000000140e+01
-4.399680000000000257e-01 4.280069000000000301e+01
-4.154209999999999847e-01 4.281013999999999697e+01
-3.922459999999999836e-01 4.280346000000000117e+01
-3.817749999999999755e-01 4.281239999999999668e+01
-3.680419999999999803e-01 4.281694000000000244e+01
-3.513470000000000204e-01 4.283843999999999852e+01
-3.343079999999999941e-01 4.284015999999999735e+01
-3.280819999999999848e-01 4.283603000000000094e+01
-3.135490000000000221e-01 4.285067999999999699e+01
-3.007509999999999906e-01 4.284210999999999814e+01
-2.779200000000000004e-01 4.283935000000000315e+01
-2.574919999999999987e-01 4.282399000000000200e+01
-2.421369999999999911e-01 4.282442999999999955e+01
-2.317430000000000045e-01 4.281089000000000055e+01
-1.974110000000000031e-01 4.279742000000000246e+01
-1.780170000000000086e-01 4.278645999999999816e+01
-1.625630000000000130e-01 4.280031000000000319e+01
-1.570860000000000034e-01 4.279822999999999666e+01
-1.438520000000000076e-01 4.277523999999999660e+01
-9.818999999999999950e-02 4.272570000000000334e+01
-6.494800000000000573e-02 4.271773000000000309e+01
-5.693499999999999950e-02 4.269818999999999676e+01
6.650000000000000095e-04 4.268713999999999942e+01
1.367200000000000013e-02 4.270322000000000173e+01
6.453699999999999715e-02 4.270398999999999745e+01
7.862099999999999644e-02 4.271864000000000061e+01
1.287459999999999993e-01 4.271598999999999791e+01
1.350880000000000136e-01 4.272290999999999883e+01
1.756679999999999908e-01 4.273892000000000024e+01
2.613360000000000127e-01 4.271815000000000140e+01
2.957719999999999794e-01 4.267750999999999806e+01
3.161999999999999811e-01 4.268596999999999753e+01
3.237530000000000130e-01 4.270741999999999905e+01
3.600749999999999784e-01 4.272487000000000279e+01
3.926049999999999818e-01 4.271421999999999741e+01
4.332770000000000232e-01 4.269261999999999802e+01
4.754840000000000177e-01 4.270212999999999681e+01
5.126610000000000333e-01 4.269261000000000195e+01
5.283849999999999936e-01 4.270461999999999847e+01
5.871180000000000287e-01 4.269651999999999958e+01
5.923559999999999937e-01 4.270721999999999952e+01
6.692479999999999540e-01 4.269248999999999938e+01
6.778910000000000213e-01 4.270741999999999905e+01
6.655309999999999837e-01 4.272041000000000111e+01
6.751439999999999664e-01 4.272545000000000215e+01
6.384330000000000283e-01 4.275413999999999959e+01
6.579779999999999518e-01 4.277208999999999861e+01
6.423569999999999558e-01 4.278229999999999933e+01
6.452750000000000430e-01 4.278632999999999953e+01
6.636910000000000309e-01 4.280407999999999902e+01
6.562609999999999832e-01 4.283845999999999776e+01
6.763489999999999780e-01 4.285575000000000045e+01
7.146470000000000322e-01 4.286319999999999908e+01
7.827760000000000273e-01 4.283796000000000248e+01
7.977100000000000302e-01 4.284185999999999694e+01
8.094419999999999948e-01 4.284145000000000181e+01
8.319959999999999578e-01 4.282956000000000074e+01
8.495930000000000426e-01 4.283008999999999844e+01
9.071399999999999464e-01 4.280512999999999835e+01
9.217109999999999470e-01 4.279587999999999681e+01
9.600950000000000317e-01 4.280707000000000306e+01
1.018159999999999954e+00 4.278831999999999880e+01
1.079884999999999984e+00 4.278936000000000206e+01
1.113731000000000027e+00 4.277002000000000237e+01
1.135111999999999899e+00 4.275068999999999875e+01
1.132835999999999954e+00 4.274063999999999908e+01
1.165316000000000018e+00 4.271061000000000263e+01
1.230984000000000078e+00 4.272999000000000080e+01
1.259028000000000036e+00 4.272144999999999726e+01
1.307865000000000055e+00 4.271996000000000038e+01
1.329803999999999986e+00 4.272572000000000259e+01
1.357660000000000089e+00 4.272167000000000314e+01
1.387885000000000035e+00 4.269026000000000209e+01
1.413610000000000033e+00 4.265762000000000143e+01
1.430968999999999935e+00 4.261981000000000108e+01
1.444096999999999964e+00 4.260365999999999786e+01
1.445990000000000109e+00 4.256799999999999784e+01
1.428223000000000020e+00 4.255713000000000079e+01
1.420754999999999990e+00 4.254782999999999760e+01
1.421785000000000077e+00 4.254005000000000081e+01
1.440239000000000047e+00 4.254581000000000301e+01
1.452641999999999989e+00 4.253954000000000235e+01
1.455173000000000050e+00 4.253170999999999680e+01
1.470709000000000044e+00 4.250968999999999909e+01
1.431904000000000066e+00 4.248901000000000039e+01
1.443672000000000066e+00 4.247209999999999752e+01
1.443586000000000036e+00 4.246475000000000222e+01
1.448393000000000042e+00 4.246045000000000158e+01
1.449999999999999956e+00 4.244010999999999711e+01
1.511735999999999969e+00 4.243142000000000280e+01
1.548513999999999946e+00 4.243527999999999878e+01
1.558367999999999975e+00 4.245864000000000260e+01
1.563077999999999967e+00 4.246173000000000286e+01
1.574279999999999902e+00 4.245577000000000112e+01
1.596562000000000037e+00 4.246894000000000347e+01
1.656382999999999939e+00 4.246979999999999933e+01
1.661589999999999900e+00 4.249383999999999872e+01
1.667861999999999956e+00 4.250715999999999894e+01
1.704487000000000085e+00 4.249190999999999718e+01
1.725742000000000109e+00 4.250554999999999950e+01
1.762062000000000017e+00 4.249092999999999876e+01
1.804880999999999958e+00 4.249099999999999966e+01
1.824168000000000012e+00 4.248769000000000062e+01
1.883092999999999906e+00 4.245998999999999768e+01
1.891486999999999918e+00 4.245024999999999693e+01
1.936042000000000041e+00 4.245589999999999975e+01
1.959233999999999920e+00 4.242428000000000310e+01
1.965381000000000045e+00 4.238766999999999996e+01
1.980348999999999915e+00 4.237149999999999750e+01
1.997870000000000035e+00 4.235981999999999914e+01
2.054879000000000122e+00 4.235934999999999917e+01
2.090354000000000045e+00 4.237575999999999965e+01
2.108178000000000107e+00 4.238264999999999816e+01
2.123564000000000007e+00 4.241409000000000162e+01
2.167552000000000145e+00 4.242649000000000115e+01
2.213248999999999800e+00 4.242490000000000094e+01
2.245051999999999826e+00 4.243099999999999739e+01
2.254164999999999974e+00 4.243992000000000075e+01
2.313264000000000209e+00 4.242900999999999812e+01
2.345382999999999996e+00 4.241714999999999947e+01
2.381219000000000197e+00 4.240276999999999674e+01
2.435016000000000069e+00 4.239493999999999829e+01
2.441685999999999801e+00 4.237868000000000279e+01
2.467080999999999857e+00 4.236169000000000295e+01
2.474763999999999964e+00 4.235112999999999772e+01
2.483424999999999994e+00 4.234356999999999971e+01
2.500591000000000008e+00 4.234458999999999662e+01
2.540020999999999862e+00 4.233469000000000193e+01
2.553767999999999816e+00 4.235540000000000305e+01
2.576528999999999847e+00 4.235983999999999838e+01
2.650244999999999962e+00 4.234572000000000003e+01
2.670364000000000182e+00 4.234230999999999767e+01
2.649550000000000072e+00 4.238615000000000066e+01
2.652340000000000142e+00 4.239036999999999722e+01
2.667961000000000027e+00 4.238745999999999725e+01
2.671229999999999993e+00 4.240521999999999991e+01
2.724517000000000078e+00 4.242495000000000260e+01
2.754475999999999924e+00 4.242687999999999704e+01
2.774922999999999806e+00 4.241456000000000159e+01
2.785584000000000060e+00 4.241971000000000203e+01
2.837950000000000195e+00 4.246027000000000129e+01
2.857990000000000030e+00 4.245676999999999879e+01
2.864170000000000105e+00 4.246677999999999997e+01
2.869826000000000210e+00 4.246880999999999773e+01
2.902794000000000096e+00 4.246045000000000158e+01
2.919273000000000007e+00 4.245893000000000228e+01
2.929745000000000044e+00 4.247538999999999731e+01
2.945101999999999887e+00 4.248326000000000136e+01
2.971849000000000185e+00 4.247084000000000259e+01
2.990752000000000077e+00 4.247493000000000052e+01
3.001326999999999856e+00 4.247411999999999921e+01
3.012656999999999918e+00 4.246968999999999994e+01
3.030337999999999976e+00 4.247666000000000253e+01
3.040316999999999936e+00 4.247583000000000197e+01
3.054886000000000212e+00 4.245360999999999763e+01
3.082659000000000038e+00 4.243083000000000027e+01
3.097458000000000045e+00 4.242826999999999771e+01
3.108443999999999985e+00 4.243739000000000061e+01
3.123549999999999827e+00 4.243966999999999956e+01
3.137455000000000105e+00 4.243777000000000044e+01
3.153591000000000033e+00 4.243589999999999662e+01
3.157710999999999935e+00 4.243473000000000184e+01
3.160028000000000059e+00 4.243565000000000254e+01
3.163375999999999966e+00 4.243654000000000082e+01
3.168397000000000130e+00 4.243587000000000131e+01
3.176292999999999811e+00 4.243562000000000012e+01
3.485459000000000085e+00 4.248705999999999960e+01
4.314623000000000097e+00 4.236290999999999940e+01
5.098525000000000418e+00 3.964927000000000135e+01
-1.357879000000000058e+00 3.647350999999999743e+01
-1.818554000000000004e+00 3.589822999999999809e+01
