9.011445999999999401e+00 4.581616999999999962e+01
8.990709000000000728e+00 4.582010999999999967e+01
8.993225999999999942e+00 4.583135999999999655e+01
8.986985000000000667e+00 4.583532999999999902e+01
8.969630999999999688e+00 4.582938000000000045e+01
8.949377000000000137e+00 4.584038000000000324e+01
8.910244999999999749e+00 4.582820999999999856e+01
8.912055999999999756e+00 4.584450999999999965e+01
8.934443999999999164e+00 4.586567000000000149e+01
8.927082000000000406e+00 4.588967999999999847e+01
8.920382999999999285e+00 4.589524999999999721e+01
8.923325999999999425e+00 4.590487000000000251e+01
8.891443000000000652e+00 4.593093999999999966e+01
8.896774000000000626e+00 4.594651999999999958e+01
8.893829000000000207e+00 4.595609000000000322e+01
8.879787000000000319e+00 4.595394999999999897e+01
8.866792999999999481e+00 4.595841999999999672e+01
8.830543000000000475e+00 4.598496999999999701e+01
8.784019999999999939e+00 4.598765999999999821e+01
8.790281000000000233e+00 4.600795999999999708e+01
8.805161999999999267e+00 4.602490000000000236e+01
8.824875999999999721e+00 4.603403000000000134e+01
8.833667000000000158e+00 4.605463999999999913e+01
8.844281999999999755e+00 4.605293000000000347e+01
8.852520000000000167e+00 4.606349000000000160e+01
8.850853999999999999e+00 4.607359000000000293e+01
8.808121999999999119e+00 4.609843000000000046e+01
8.801814999999999500e+00 4.609266000000000219e+01
8.784613000000000227e+00 4.609187000000000012e+01
8.758843000000000600e+00 4.609899999999999665e+01
8.743102999999999625e+00 4.611907999999999674e+01
8.715844000000000591e+00 4.609595999999999805e+01
8.658566000000000429e+00 4.611059999999999803e+01
8.647465999999999653e+00 4.612100000000000222e+01
8.611036000000000357e+00 4.612254000000000076e+01
8.608667999999999765e+00 4.613139000000000323e+01
8.593218000000000245e+00 4.614195999999999742e+01
8.598891999999999314e+00 4.615335000000000321e+01
8.572699000000000069e+00 4.616315999999999775e+01
8.562708000000000652e+00 4.618269000000000091e+01
8.539597999999999800e+00 4.619653000000000276e+01
8.531269999999999243e+00 4.621437000000000239e+01
8.469288999999999845e+00 4.623104000000000013e+01
8.463767999999999958e+00 4.624284000000000106e+01
8.442085999999999757e+00 4.624898000000000309e+01
8.440965999999999525e+00 4.625601999999999947e+01
8.452714999999999534e+00 4.626615000000000322e+01
8.425774999999999793e+00 4.629966999999999899e+01
8.438715000000000188e+00 4.630798000000000059e+01
8.443082000000000420e+00 4.632278000000000162e+01
8.453303000000000011e+00 4.632495000000000118e+01
8.462462000000000373e+00 4.633491999999999678e+01
8.460117000000000331e+00 4.635434999999999661e+01
8.466568000000000538e+00 4.636594000000000193e+01
8.463409000000000404e+00 4.638336000000000325e+01
8.466404000000000707e+00 4.641158000000000072e+01
8.455761000000000749e+00 4.642318000000000211e+01
8.455861000000000516e+00 4.643679000000000201e+01
8.463870999999999256e+00 4.644409000000000276e+01
8.446123999999999299e+00 4.646164999999999878e+01
8.409321000000000268e+00 4.645664000000000016e+01
8.394980000000000331e+00 4.645022000000000162e+01
8.366422000000000025e+00 4.644917000000000229e+01
8.339306000000000552e+00 4.642978000000000094e+01
8.303224999999999412e+00 4.641783999999999821e+01
8.295391999999999655e+00 4.640990000000000038e+01
8.311828999999999468e+00 4.640724999999999767e+01
8.320847000000000548e+00 4.639909999999999712e+01
8.318913000000000224e+00 4.639128999999999792e+01
8.322722999999999871e+00 4.638665000000000305e+01
8.315170999999999424e+00 4.637530000000000285e+01
8.287062000000000594e+00 4.636401999999999646e+01
8.266315999999999775e+00 4.636214999999999975e+01
8.269609000000000876e+00 4.635361999999999938e+01
8.264953000000000216e+00 4.634402000000000044e+01
8.226986000000000132e+00 4.633238000000000056e+01
8.215201999999999671e+00 4.630828000000000344e+01
8.205724000000000018e+00 4.630257000000000289e+01
8.162665000000000504e+00 4.629413999999999874e+01
8.139924000000000603e+00 4.629972000000000065e+01
8.085317999999999117e+00 4.626055999999999813e+01
8.112681000000000253e+00 4.625285999999999831e+01
8.118653999999999371e+00 4.624020999999999759e+01
8.142656000000000560e+00 4.622856000000000165e+01
8.157184000000000879e+00 4.619413000000000125e+01
8.169681999999999888e+00 4.618280000000000030e+01
8.168449000000000737e+00 4.617613000000000056e+01
8.154068999999999789e+00 4.616255999999999915e+01
8.157028000000000389e+00 4.614515999999999707e+01
8.145517999999999148e+00 4.613486000000000331e+01
8.119127000000000649e+00 4.612957999999999714e+01
8.117639000000000493e+00 4.611757000000000062e+01
8.110426999999999609e+00 4.610981000000000307e+01
8.036896999999999736e+00 4.609852999999999668e+01
8.026486999999999483e+00 4.607072999999999752e+01
8.038624000000000436e+00 4.604368000000000194e+01
8.017889000000000266e+00 4.603222999999999843e+01
8.020875000000000199e+00 4.602553999999999945e+01
8.015390000000000015e+00 4.601071999999999917e+01
8.003546999999999301e+00 4.601008000000000209e+01
7.989475999999999800e+00 4.599423999999999779e+01
7.978869999999999685e+00 4.599741000000000213e+01
7.911237999999999992e+00 4.599526000000000181e+01
7.898117000000000054e+00 4.598060999999999865e+01
7.881855999999999973e+00 4.597256000000000142e+01
7.881935999999999609e+00 4.595347000000000293e+01
7.871762999999999622e+00 4.593744000000000227e+01
7.879830000000000112e+00 4.592596999999999952e+01
7.863667000000000407e+00 4.591371999999999787e+01
7.858067000000000135e+00 4.591890000000000072e+01
7.836517999999999873e+00 4.591877999999999815e+01
7.822320000000000384e+00 4.592479000000000156e+01
7.799128999999999756e+00 4.591420999999999708e+01
7.768692999999999849e+00 4.593399000000000143e+01
7.749535999999999980e+00 4.593762999999999863e+01
7.736803000000000097e+00 4.592078999999999667e+01
7.720653999999999684e+00 4.592168000000000205e+01
7.704958999999999669e+00 4.593312000000000239e+01
7.707888999999999768e+00 4.594787000000000177e+01
7.681002000000000329e+00 4.595544000000000295e+01
7.664171999999999763e+00 4.597348000000000212e+01
7.640698000000000434e+00 4.596828000000000003e+01
7.589627000000000123e+00 4.596869000000000227e+01
7.582476999999999911e+00 4.597171000000000163e+01
7.577377000000000251e+00 4.598469999999999658e+01
7.571208000000000382e+00 4.598570000000000135e+01
7.549411000000000094e+00 4.598322999999999894e+01
7.545746000000000286e+00 4.597708999999999691e+01
7.550099000000000338e+00 4.596260000000000190e+01
7.543381000000000114e+00 4.595457999999999998e+01
7.503514000000000017e+00 4.595965999999999951e+01
7.480529999999999902e+00 4.595085000000000264e+01
7.475732999999999961e+00 4.594713999999999743e+01
7.476746000000000336e+00 4.593392000000000053e+01
7.446415000000000006e+00 4.592958999999999747e+01
7.425851999999999897e+00 4.591152999999999906e+01
7.408453999999999873e+00 4.590563000000000216e+01
7.401818999999999704e+00 4.590775000000000006e+01
7.387612999999999985e+00 4.589464999999999861e+01
7.359999000000000180e+00 4.590041999999999689e+01
7.343523000000000245e+00 4.591152999999999906e+01
7.323471999999999760e+00 4.590724000000000160e+01
7.295367999999999853e+00 4.591957000000000022e+01
7.278246000000000215e+00 4.589815999999999718e+01
7.269726000000000354e+00 4.589739999999999753e+01
7.260875000000000412e+00 4.588678000000000168e+01
7.218930000000000291e+00 4.588622999999999763e+01
7.202454000000000356e+00 4.587292999999999665e+01
7.203583000000000069e+00 4.586202999999999719e+01
7.192356000000000193e+00 4.585669999999999646e+01
7.165681000000000189e+00 4.586151999999999873e+01
7.160571000000000019e+00 4.587541999999999831e+01
7.155890999999999558e+00 4.587622999999999962e+01
7.137705999999999662e+00 4.587037000000000120e+01
7.118826999999999572e+00 4.585658000000000101e+01
7.101359000000000421e+00 4.585732999999999748e+01
7.092742000000000324e+00 4.587431999999999732e+01
7.062859999999999694e+00 4.589952999999999861e+01
7.061999000000000137e+00 4.590901000000000209e+01
7.042523000000000089e+00 4.592016999999999882e+01
7.031117000000000061e+00 4.593453000000000230e+01
7.033507000000000176e+00 4.595347000000000293e+01
7.003407000000000160e+00 4.596477999999999753e+01
7.002698999999999785e+00 4.597283999999999793e+01
7.018506999999999607e+00 4.597878000000000043e+01
7.006251999999999924e+00 4.599486999999999881e+01
6.960655000000000037e+00 4.602861999999999654e+01
6.948833999999999733e+00 4.604822999999999666e+01
6.933658999999999573e+00 4.605319000000000074e+01
6.933606000000000158e+00 4.606262000000000256e+01
6.925544999999999618e+00 4.606204000000000320e+01
6.912851999999999997e+00 4.604912000000000205e+01
6.895927999999999614e+00 4.604520999999999731e+01
6.892235999999999585e+00 4.603923999999999950e+01
6.872923000000000116e+00 4.604641000000000162e+01
6.870016999999999818e+00 4.605530999999999864e+01
6.875308999999999671e+00 4.606775999999999982e+01
6.887118000000000073e+00 4.607500000000000284e+01
6.887819999999999609e+00 4.608395000000000152e+01
6.879713999999999885e+00 4.609588999999999714e+01
6.890201000000000242e+00 4.610692000000000235e+01
6.893169000000000324e+00 4.611952999999999747e+01
6.849565000000000126e+00 4.612387999999999977e+01
6.838999000000000272e+00 4.613074999999999903e+01
6.814316999999999958e+00 4.612624999999999886e+01
6.793889000000000067e+00 4.613741000000000270e+01
6.787423000000000428e+00 4.615310999999999808e+01
6.788942999999999728e+00 4.616329999999999956e+01
6.808812999999999782e+00 4.618254999999999910e+01
6.801101000000000063e+00 4.620589999999999975e+01
6.818489999999999718e+00 4.622870999999999952e+01
6.823254000000000374e+00 4.624443999999999733e+01
6.843015000000000292e+00 4.625010000000000332e+01
6.858564999999999579e+00 4.626727999999999952e+01
6.861350999999999978e+00 4.628132999999999697e+01
6.856213999999999587e+00 4.628871999999999787e+01
6.846570999999999962e+00 4.628685000000000116e+01
6.828311000000000242e+00 4.629746000000000095e+01
6.818046999999999969e+00 4.631280000000000285e+01
6.798365999999999687e+00 4.631788999999999845e+01
6.795113999999999876e+00 4.632860999999999763e+01
6.782534000000000063e+00 4.633042999999999978e+01
6.767780000000000129e+00 4.635443999999999676e+01
6.773519000000000290e+00 4.636663999999999675e+01
6.791145000000000209e+00 4.637017000000000166e+01
6.803346999999999589e+00 4.638119999999999976e+01
6.799112000000000045e+00 4.638544000000000267e+01
6.800212000000000145e+00 4.639318999999999704e+01
6.811611000000000082e+00 4.642528999999999684e+01
6.725837000000000288e+00 4.644704999999999728e+01
6.633687000000000111e+00 4.646112999999999715e+01
6.595697000000000365e+00 4.645367000000000246e+01
6.505888999999999811e+00 4.645400999999999669e+01
6.477901000000000131e+00 4.644348999999999705e+01
6.423403999999999670e+00 4.641196999999999662e+01
6.328960999999999615e+00 4.640400000000000347e+01
6.297336999999999740e+00 4.639166999999999774e+01
6.284163999999999639e+00 4.637610999999999706e+01
6.245624000000000287e+00 4.635302999999999685e+01
6.225355000000000416e+00 4.631734000000000151e+01
6.251540999999999570e+00 4.630362000000000222e+01
6.255978999999999957e+00 4.628961000000000325e+01
6.241300999999999988e+00 4.627718000000000131e+01
6.264738000000000362e+00 4.625296000000000163e+01
6.276685999999999765e+00 4.625399999999999778e+01
6.295408000000000115e+00 4.626717000000000013e+01
6.297869999999999635e+00 4.625896999999999792e+01
6.311914999999999942e+00 4.625804999999999723e+01
6.313017000000000323e+00 4.624271999999999849e+01
6.296420000000000350e+00 4.622279999999999944e+01
6.250620999999999761e+00 4.620235000000000269e+01
6.234767999999999866e+00 4.620322000000000173e+01
6.219889000000000223e+00 4.619566999999999979e+01
6.190025999999999584e+00 4.617781999999999698e+01
6.190451999999999622e+00 4.616389999999999816e+01
6.137031999999999599e+00 4.613860999999999990e+01
6.097813000000000372e+00 4.614090999999999809e+01
6.090779000000000387e+00 4.614871000000000123e+01
6.053619000000000305e+00 4.614835999999999672e+01
6.049672000000000160e+00 4.614003999999999905e+01
6.035821999999999576e+00 4.613157000000000352e+01
6.021169999999999689e+00 4.613884000000000185e+01
5.993858000000000352e+00 4.614135999999999882e+01
5.965870999999999924e+00 4.612682999999999822e+01
5.955727000000000437e+00 4.612599000000000160e+01
5.952881999999999785e+00 4.613269999999999982e+01
5.962881000000000320e+00 4.613873000000000246e+01
5.962003000000000164e+00 4.614679000000000286e+01
5.979473999999999734e+00 4.617484000000000322e+01
5.986750999999999934e+00 4.617571000000000225e+01
5.991036000000000250e+00 4.618215000000000003e+01
5.961070000000000313e+00 4.619561000000000206e+01
5.972617999999999761e+00 4.621728999999999843e+01
5.987978000000000023e+00 4.621965999999999752e+01
5.992283999999999722e+00 4.622590999999999894e+01
6.000581999999999638e+00 4.622422000000000253e+01
6.011668000000000234e+00 4.623375999999999664e+01
6.033058999999999727e+00 4.624150000000000205e+01
6.045079999999999565e+00 4.623521999999999821e+01
6.062907000000000046e+00 4.624877000000000038e+01
6.069605000000000139e+00 4.624461999999999762e+01
6.088703999999999894e+00 4.625005999999999773e+01
6.101360999999999812e+00 4.624119000000000312e+01
6.119519000000000375e+00 4.625151000000000323e+01
6.115141999999999634e+00 4.626297999999999888e+01
6.100666000000000366e+00 4.627716999999999814e+01
6.099477000000000260e+00 4.628580999999999790e+01
6.116999999999999993e+00 4.629854999999999876e+01
6.117187000000000374e+00 4.631398999999999688e+01
6.133261000000000074e+00 4.633162999999999698e+01
6.135798000000000307e+00 4.634082999999999686e+01
6.153851999999999656e+00 4.635108999999999924e+01
6.166256999999999877e+00 4.636728000000000094e+01
6.157989999999999853e+00 4.637492999999999910e+01
6.148609999999999687e+00 4.637472999999999956e+01
6.116310000000000358e+00 4.639484000000000208e+01
6.104739000000000360e+00 4.639676999999999651e+01
6.095271000000000328e+00 4.640657000000000210e+01
6.061043999999999876e+00 4.641534999999999656e+01
6.083199999999999719e+00 4.644351000000000340e+01
6.071819999999999773e+00 4.645203000000000060e+01
6.070199999999999818e+00 4.646699999999999875e+01
6.094739999999999824e+00 4.648333999999999833e+01
6.110583000000000098e+00 4.651178999999999775e+01
6.136589999999999989e+00 4.653365000000000151e+01
6.143269000000000091e+00 4.653144000000000347e+01
6.151334000000000302e+00 4.654529999999999745e+01
6.108852999999999867e+00 4.657399000000000200e+01
6.108283000000000129e+00 4.657847000000000293e+01
6.124787000000000425e+00 4.659239000000000175e+01
6.175200000000000244e+00 4.661746999999999730e+01
6.197983999999999938e+00 4.663692999999999955e+01
6.225741000000000192e+00 4.665061000000000035e+01
6.264814999999999579e+00 4.667813999999999908e+01
6.277504999999999669e+00 4.669254999999999711e+01
6.350223999999999869e+00 4.671759999999999735e+01
6.358786000000000271e+00 4.672579000000000349e+01
6.366934999999999789e+00 4.672628000000000270e+01
6.366387999999999714e+00 4.673183000000000220e+01
6.387109999999999843e+00 4.673707999999999885e+01
6.385733000000000104e+00 4.674486000000000274e+01
6.394035999999999831e+00 4.675110999999999706e+01
6.428818999999999839e+00 4.675925000000000153e+01
6.449105999999999561e+00 4.677618999999999971e+01
6.454212000000000060e+00 4.678741999999999734e+01
6.432865999999999751e+00 4.679901000000000266e+01
6.428278999999999854e+00 4.681239999999999668e+01
6.437498999999999860e+00 4.681777000000000299e+01
6.440620000000000012e+00 4.683431999999999817e+01
6.457169000000000381e+00 4.685260000000000247e+01
6.461458000000000368e+00 4.688958999999999833e+01
6.433429000000000286e+00 4.691989999999999839e+01
6.430797000000000097e+00 4.693104000000000298e+01
6.447880999999999752e+00 4.693845999999999918e+01
6.495368000000000031e+00 4.697688999999999737e+01
6.505551999999999779e+00 4.696918999999999755e+01
6.571352000000000082e+00 4.698499000000000336e+01
6.592295000000000016e+00 4.699454999999999671e+01
6.617483000000000004e+00 4.699461000000000155e+01
6.638430999999999749e+00 4.700507999999999953e+01
6.657710999999999935e+00 4.702989000000000175e+01
6.678199000000000218e+00 4.703858999999999924e+01
6.695422999999999902e+00 4.704008000000000322e+01
6.707190999999999903e+00 4.704769000000000290e+01
6.710660999999999987e+00 4.705096999999999952e+01
6.706889999999999574e+00 4.705498000000000047e+01
6.688617999999999952e+00 4.706625999999999976e+01
6.702393999999999963e+00 4.707638000000000034e+01
6.701026999999999845e+00 4.708449000000000240e+01
6.725736000000000381e+00 4.709503999999999735e+01
6.740053999999999768e+00 4.709342000000000183e+01
6.743541999999999703e+00 4.709799000000000291e+01
6.737728999999999857e+00 4.710513999999999868e+01
6.738960999999999757e+00 4.711207000000000278e+01
6.763438999999999979e+00 4.712317999999999785e+01
6.801637000000000377e+00 4.713226000000000226e+01
6.847800999999999583e+00 4.715892999999999802e+01
6.850820999999999827e+00 4.716226999999999947e+01
6.838496000000000130e+00 4.716709999999999781e+01
6.838665999999999912e+00 4.717412999999999812e+01
6.862116999999999578e+00 4.718289999999999651e+01
6.870243000000000322e+00 4.718840999999999752e+01
6.877977999999999703e+00 4.720304999999999751e+01
6.919980999999999938e+00 4.722359000000000151e+01
6.926910999999999596e+00 4.723163999999999874e+01
6.939238999999999713e+00 4.723429999999999751e+01
6.950065999999999633e+00 4.724439999999999884e+01
6.943387000000000420e+00 4.725381000000000142e+01
6.948400000000000354e+00 4.726944000000000301e+01
6.937840999999999703e+00 4.728397999999999968e+01
6.938784000000000063e+00 4.728898999999999830e+01
6.950285000000000046e+00 4.729505999999999943e+01
6.995557999999999943e+00 4.729905999999999722e+01
7.006713000000000413e+00 4.730452999999999975e+01
7.012972999999999679e+00 4.731459999999999866e+01
7.006420000000000314e+00 4.731936000000000320e+01
7.008124999999999716e+00 4.732683999999999713e+01
7.044558999999999571e+00 4.732936999999999728e+01
7.058082999999999885e+00 4.734259999999999735e+01
7.047316000000000358e+00 4.734646999999999650e+01
7.047132999999999647e+00 4.735934000000000310e+01
7.016007000000000104e+00 4.736943000000000126e+01
6.997329999999999828e+00 4.736072999999999666e+01
6.975024999999999586e+00 4.735725999999999658e+01
6.923866000000000298e+00 4.735208000000000084e+01
6.903368999999999645e+00 4.735638999999999754e+01
6.884576000000000029e+00 4.734949999999999903e+01
6.876438000000000272e+00 4.735139999999999816e+01
6.881630000000000358e+00 4.737510999999999939e+01
6.893627999999999645e+00 4.738434999999999775e+01
6.909572999999999965e+00 4.738819000000000159e+01
6.906320000000000014e+00 4.739629000000000048e+01
6.913338999999999679e+00 4.740131000000000228e+01
6.911332999999999949e+00 4.740691000000000344e+01
6.936466000000000243e+00 4.740894000000000119e+01
6.938996999999999638e+00 4.743572999999999951e+01
6.957899000000000278e+00 4.743706000000000245e+01
6.969111999999999973e+00 4.744989000000000345e+01
6.996087000000000167e+00 4.745380999999999716e+01
6.996997999999999607e+00 4.746394999999999698e+01
6.989622999999999919e+00 4.746428000000000225e+01
6.983589000000000269e+00 4.747556000000000154e+01
6.985621000000000080e+00 4.748606000000000193e+01
6.981256000000000128e+00 4.749701999999999913e+01
7.021377000000000201e+00 4.750744999999999862e+01
7.072788000000000075e+00 4.749535999999999802e+01
7.075504999999999711e+00 4.749143000000000114e+01
7.093511000000000344e+00 4.749833000000000283e+01
7.111807999999999907e+00 4.749804999999999922e+01
7.128109000000000250e+00 4.750668000000000291e+01
7.162518000000000384e+00 4.749304000000000059e+01
7.201872999999999969e+00 4.749714000000000169e+01
7.205677999999999805e+00 4.748998999999999882e+01
7.189606000000000385e+00 4.748096999999999923e+01
7.175569999999999560e+00 4.744592999999999705e+01
7.199985999999999997e+00 4.743804000000000087e+01
7.230015999999999998e+00 4.744292000000000087e+01
7.248630999999999602e+00 4.742540000000000333e+01
7.282469999999999999e+00 4.743806000000000012e+01
7.329922999999999966e+00 4.744481999999999999e+01
7.355052999999999841e+00 4.743706000000000245e+01
7.400166999999999717e+00 4.743847000000000236e+01
7.418721999999999817e+00 4.744803999999999888e+01
7.428609999999999935e+00 4.746209999999999951e+01
7.443077999999999861e+00 4.746448000000000178e+01
7.451223999999999847e+00 4.747189999999999799e+01
7.418249000000000315e+00 4.747876999999999725e+01
7.431799999999999962e+00 4.749985999999999819e+01
7.463303999999999938e+00 4.749192000000000036e+01
7.472194000000000003e+00 4.748346999999999696e+01
7.486613000000000184e+00 4.748499999999999943e+01
7.506784999999999819e+00 4.749911000000000172e+01
7.506732000000000404e+00 4.750733999999999924e+01
7.496796999999999933e+00 4.751436999999999955e+01
7.495714999999999684e+00 4.752335999999999672e+01
7.504691000000000223e+00 4.751789999999999736e+01
7.520144000000000162e+00 4.751863999999999777e+01
7.528063999999999645e+00 4.752797000000000338e+01
7.519295999999999758e+00 4.753146000000000271e+01
7.509155999999999942e+00 4.752532000000000068e+01
7.499550000000000161e+00 4.752647000000000332e+01
7.495103000000000293e+00 4.753567000000000320e+01
7.497290999999999705e+00 4.754243000000000308e+01
7.555145000000000444e+00 4.756752999999999787e+01
7.554763999999999591e+00 4.757457999999999743e+01
7.565564000000000178e+00 4.758053000000000310e+01
7.581601000000000035e+00 4.757918999999999699e+01
7.588060999999999723e+00 4.759264000000000294e+01
7.606010999999999633e+00 4.758756000000000341e+01
7.608102999999999838e+00 4.758100999999999914e+01
7.619034000000000084e+00 4.758006000000000313e+01
7.645153999999999783e+00 4.759991000000000128e+01
7.673219999999999708e+00 4.759499000000000279e+01
7.682228000000000279e+00 4.760141000000000133e+01
7.696419999999999817e+00 4.760188000000000130e+01
7.676445000000000185e+00 4.758697000000000088e+01
7.692256999999999678e+00 4.757247000000000270e+01
7.687599999999999767e+00 4.756320999999999799e+01
7.680727000000000082e+00 4.756701999999999941e+01
7.678301000000000265e+00 4.756087999999999738e+01
7.644472999999999629e+00 4.755798000000000059e+01
7.652003999999999806e+00 4.754999000000000109e+01
7.663276999999999894e+00 4.754710000000000036e+01
7.669405000000000250e+00 4.753844999999999743e+01
7.682802999999999827e+00 4.753562999999999761e+01
7.787526999999999866e+00 4.755747000000000213e+01
7.808245999999999576e+00 4.757070999999999827e+01
7.814568999999999654e+00 4.758655999999999864e+01
7.822470000000000034e+00 4.759098999999999791e+01
7.841143999999999892e+00 4.758511000000000024e+01
7.868142999999999887e+00 4.759165999999999741e+01
7.893106000000000400e+00 4.759020999999999901e+01
7.913180999999999798e+00 4.757267000000000223e+01
7.910238999999999798e+00 4.756018999999999863e+01
7.913579000000000363e+00 4.755319999999999681e+01
7.944479000000000291e+00 4.754677999999999827e+01
7.950228000000000073e+00 4.755666000000000082e+01
7.959476999999999691e+00 4.756132999999999811e+01
8.000778000000000389e+00 4.755939999999999657e+01
8.020790999999999116e+00 4.755340999999999951e+01
8.067327000000000581e+00 4.756754999999999711e+01
8.088843999999999923e+00 4.756058999999999770e+01
8.096999999999999531e+00 4.756457000000000335e+01
8.100324999999999775e+00 4.757746000000000208e+01
8.107862000000000791e+00 4.758489999999999753e+01
8.134885000000000588e+00 4.758655999999999864e+01
8.136336000000000013e+00 4.759291999999999945e+01
8.148009000000000057e+00 4.759823999999999700e+01
8.163823999999999970e+00 4.759707000000000221e+01
8.183367000000000502e+00 4.760757999999999868e+01
8.195591000000000292e+00 4.762129000000000190e+01
8.205614000000000630e+00 4.762398999999999916e+01
8.221652999999999878e+00 4.761972999999999701e+01
8.226950999999999681e+00 4.760802000000000334e+01
8.236710999999999672e+00 4.761547999999999803e+01
8.256674999999999542e+00 4.761831000000000103e+01
8.265254000000000545e+00 4.761240000000000094e+01
8.292972000000000676e+00 4.761180999999999841e+01
8.300380999999999787e+00 4.760661999999999949e+01
8.300212000000000145e+00 4.759098999999999791e+01
8.330303000000000679e+00 4.757383000000000095e+01
8.383184999999999221e+00 4.756833999999999918e+01
8.397391000000000716e+00 4.758003000000000071e+01
8.429895000000000138e+00 4.756985999999999848e+01
8.463732999999999507e+00 4.757495999999999725e+01
8.489591000000000776e+00 4.758270000000000266e+01
8.465493000000000379e+00 4.758145999999999987e+01
8.457893999999999579e+00 4.758724999999999739e+01
8.454356999999999900e+00 4.760405999999999693e+01
8.465360999999999692e+00 4.760576999999999970e+01
8.478085000000000093e+00 4.761789000000000271e+01
8.504915000000000447e+00 4.762031999999999954e+01
8.514704999999999302e+00 4.763649999999999807e+01
8.559196000000000026e+00 4.762702000000000169e+01
8.577223000000000042e+00 4.761305999999999727e+01
8.565886000000000777e+00 4.760078000000000031e+01
8.580761000000000749e+00 4.759920000000000329e+01
8.601976000000000511e+00 4.761440000000000339e+01
8.594148000000000565e+00 4.762935999999999837e+01
8.593545000000000655e+00 4.764513000000000176e+01
8.607825000000000060e+00 4.765538999999999703e+01
8.616218999999999184e+00 4.764925999999999817e+01
8.614781999999999940e+00 4.764054999999999751e+01
8.625899999999999679e+00 4.765100000000000335e+01
8.607129999999999725e+00 4.766082000000000107e+01
8.602999999999999758e+00 4.766951000000000249e+01
8.577564999999999884e+00 4.765852999999999895e+01
8.560560999999999865e+00 4.766734000000000293e+01
8.542707000000000050e+00 4.766246999999999900e+01
8.542878999999999223e+00 4.765417999999999665e+01
8.532959999999999212e+00 4.765673999999999921e+01
8.537651000000000323e+00 4.764941000000000315e+01
8.532230000000000203e+00 4.764273000000000025e+01
8.502518999999999494e+00 4.764430999999999727e+01
8.494092999999999449e+00 4.763904000000000138e+01
8.479965999999999227e+00 4.764276999999999873e+01
8.479777999999999594e+00 4.763741000000000270e+01
8.471396999999999622e+00 4.763557000000000130e+01
8.463945999999999970e+00 4.764083999999999719e+01
8.461767000000000039e+00 4.765133999999999759e+01
8.444808000000000092e+00 4.765088000000000079e+01
8.422648999999999830e+00 4.766378000000000270e+01
8.410209000000000046e+00 4.766423000000000343e+01
8.402874000000000621e+00 4.767544999999999789e+01
8.416313000000000599e+00 4.768482999999999805e+01
8.402089000000000141e+00 4.769657999999999731e+01
8.405663000000000551e+00 4.770385000000000275e+01
8.415338999999999459e+00 4.771260999999999797e+01
8.451648999999999745e+00 4.772565999999999775e+01
8.446894000000000347e+00 4.773839999999999861e+01
8.454332000000000846e+00 4.775095000000000312e+01
8.487550000000000594e+00 4.777597999999999701e+01
8.495248999999999384e+00 4.777380999999999744e+01
8.510393999999999792e+00 4.777911000000000286e+01
8.518954000000000804e+00 4.777470000000000283e+01
8.525074000000000041e+00 4.778079999999999927e+01
8.552391999999999328e+00 4.778743999999999659e+01
8.565910000000000579e+00 4.778130999999999773e+01
8.573010999999999271e+00 4.778322000000000003e+01
8.558858000000000743e+00 4.779184999999999661e+01
8.560620999999999370e+00 4.780601000000000056e+01
8.567121000000000208e+00 4.781125999999999721e+01
8.578200000000000713e+00 4.780297000000000196e+01
8.601162000000000418e+00 4.780579999999999785e+01
8.620554999999999524e+00 4.780042000000000257e+01
8.624954999999999927e+00 4.779426000000000130e+01
8.618012999999999479e+00 4.778426999999999936e+01
8.625764000000000209e+00 4.777843000000000018e+01
8.622474000000000416e+00 4.776903999999999684e+01
8.630784999999999485e+00 4.776156000000000290e+01
8.645759999999999224e+00 4.777192999999999756e+01
8.643777999999999295e+00 4.779473999999999734e+01
8.647695999999999827e+00 4.780113000000000056e+01
8.656287000000000731e+00 4.780342999999999876e+01
8.668912000000000617e+00 4.779046000000000305e+01
8.683488000000000540e+00 4.778826999999999714e+01
8.691276000000000224e+00 4.777443000000000239e+01
8.687981999999999871e+00 4.776942999999999984e+01
8.693044000000000437e+00 4.775945999999999714e+01
8.714366999999999308e+00 4.776834000000000202e+01
8.728896000000000654e+00 4.776503999999999905e+01
8.743733999999999895e+00 4.775345999999999691e+01
8.741151000000000337e+00 4.774401000000000295e+01
8.724532999999999205e+00 4.774231000000000336e+01
8.715408999999999295e+00 4.773272999999999655e+01
8.719476000000000226e+00 4.772446999999999662e+01
8.739039999999999253e+00 4.771748000000000189e+01
8.729687000000000197e+00 4.769583999999999691e+01
8.756724000000000174e+00 4.769265999999999650e+01
8.789408999999999139e+00 4.767835000000000178e+01
8.797828000000000870e+00 4.769402000000000186e+01
8.795524999999999594e+00 4.769953999999999894e+01
8.767599000000000586e+00 4.770423000000000258e+01
8.766890999999999323e+00 4.771889999999999787e+01
8.783670000000000755e+00 4.773015999999999792e+01
8.794663999999999149e+00 4.773111000000000104e+01
8.794615000000000293e+00 4.773693000000000097e+01
8.806812000000000751e+00 4.774141000000000190e+01
8.814849999999999852e+00 4.773156999999999783e+01
8.813508999999999816e+00 4.772668000000000177e+01
8.828523999999999816e+00 4.771961999999999904e+01
8.826648999999999745e+00 4.771448999999999785e+01
8.833916999999999575e+00 4.771750999999999721e+01
8.847201000000000093e+00 4.771359999999999957e+01
8.849736999999999298e+00 4.770692999999999984e+01
8.874966999999999828e+00 4.770606000000000080e+01
8.876640999999999337e+00 4.769261999999999802e+01
8.860248999999999597e+00 4.769133999999999673e+01
8.855085000000000761e+00 4.768384999999999962e+01
8.868667000000000300e+00 4.767898000000000280e+01
8.876461000000000823e+00 4.767105000000000103e+01
8.878493000000000634e+00 4.765755000000000052e+01
8.893179999999999197e+00 4.765173000000000059e+01
8.937963999999999132e+00 4.765899000000000285e+01
9.004153000000000517e+00 4.768538000000000210e+01
9.042227999999999710e+00 4.769187999999999761e+01
9.066430000000000433e+00 4.768410999999999689e+01
9.103927999999999798e+00 4.767985999999999791e+01
9.138474000000000430e+00 4.766749000000000080e+01
9.154222999999999999e+00 4.767085999999999757e+01
9.171585000000000321e+00 4.765832000000000335e+01
9.262249999999999872e+00 4.766597000000000151e+01
9.568244999999999223e+00 4.754236999999999824e+01
9.565310999999999453e+00 4.749656999999999840e+01
9.583522000000000318e+00 4.748581999999999681e+01
9.597749999999999559e+00 4.746531999999999840e+01
9.609655999999999310e+00 4.747366000000000241e+01
9.623248000000000246e+00 4.746030999999999977e+01
9.660709999999999908e+00 4.745463999999999771e+01
9.661526999999999532e+00 4.744702000000000197e+01
9.647669000000000494e+00 4.743399999999999750e+01
9.654854000000000269e+00 4.740735000000000099e+01
9.674972999999999601e+00 4.739439000000000135e+01
9.676793999999999230e+00 4.738336000000000325e+01
9.662988999999999606e+00 4.736800000000000210e+01
9.624784000000000006e+00 4.736252999999999957e+01
9.607654999999999390e+00 4.734935000000000116e+01
9.588454000000000477e+00 4.731298999999999921e+01
9.558090999999999227e+00 4.729574000000000211e+01
9.549160999999999788e+00 4.727870999999999668e+01
9.533488999999999436e+00 4.726950000000000074e+01
9.532795000000000130e+00 4.726120999999999839e+01
9.504445999999999728e+00 4.721900999999999726e+01
9.488934999999999675e+00 4.718249999999999744e+01
9.494312000000000751e+00 4.716387000000000285e+01
9.514632000000000644e+00 4.713311000000000206e+01
9.522277000000000768e+00 4.709611000000000303e+01
9.515155999999999281e+00 4.708312000000000097e+01
9.474703999999999127e+00 4.706309000000000253e+01
9.476499000000000450e+00 4.705781000000000347e+01
9.484286000000000882e+00 4.705834000000000117e+01
9.485191999999999624e+00 4.705346999999999724e+01
9.490830000000000766e+00 4.705921000000000021e+01
9.511608000000000729e+00 4.705980000000000274e+01
9.539792000000000272e+00 4.706815000000000282e+01
9.553406000000000731e+00 4.706125000000000114e+01
9.558733999999999398e+00 4.705143999999999949e+01
9.602887000000000839e+00 4.706472000000000122e+01
9.633084999999999454e+00 4.705494999999999806e+01
9.644729999999999137e+00 4.706322999999999723e+01
9.681312000000000140e+00 4.706587999999999994e+01
9.689906000000000574e+00 4.705877000000000265e+01
9.708678000000000807e+00 4.705657999999999674e+01
9.719523000000000579e+00 4.704726000000000141e+01
9.742197000000000884e+00 4.704619000000000284e+01
9.749418999999999613e+00 4.704043999999999670e+01
9.786122000000000654e+00 4.704205999999999932e+01
9.837006999999999834e+00 4.701626000000000261e+01
9.859676999999999580e+00 4.702664000000000044e+01
9.877088000000000534e+00 4.702472999999999814e+01
9.883815999999999491e+00 4.701789999999999736e+01
9.875095999999999208e+00 4.701068999999999676e+01
9.891026999999999347e+00 4.700330999999999904e+01
9.895459999999999923e+00 4.699083000000000254e+01
9.875189000000000661e+00 4.696414999999999651e+01
9.881643999999999650e+00 4.695826999999999884e+01
9.878977000000000785e+00 4.694966000000000150e+01
9.882657000000000025e+00 4.693802999999999770e+01
9.938349999999999795e+00 4.691673999999999722e+01
9.978543999999999414e+00 4.691928000000000054e+01
9.991467999999999350e+00 4.690596000000000032e+01
1.000514000000000081e+01 4.690245999999999782e+01
1.001961000000000013e+01 4.690509999999999735e+01
1.005425999999999931e+01 4.687926999999999822e+01
1.005561999999999934e+01 4.686524000000000001e+01
1.008899000000000079e+01 4.686446999999999719e+01
1.010577999999999932e+01 4.684443999999999875e+01
1.012249000000000088e+01 4.685148000000000224e+01
1.016782000000000075e+01 4.685372000000000270e+01
1.019369999999999976e+01 4.686928999999999945e+01
1.022734999999999950e+01 4.686914999999999765e+01
1.023119999999999941e+01 4.688394000000000261e+01
1.022273999999999994e+01 4.689688000000000301e+01
1.023839000000000077e+01 4.691944000000000159e+01
1.023887000000000036e+01 4.693377000000000265e+01
1.029570999999999970e+01 4.692387999999999693e+01
1.031343999999999994e+01 4.692828000000000088e+01
1.030396000000000001e+01 4.693782999999999817e+01
1.030451000000000050e+01 4.694854999999999734e+01
1.030823000000000000e+01 4.695324999999999704e+01
1.032522999999999946e+01 4.695669999999999789e+01
1.032754000000000083e+01 4.696788999999999703e+01
1.034378000000000064e+01 4.699152999999999736e+01
1.035473999999999961e+01 4.699544999999999817e+01
1.037041999999999931e+01 4.699374999999999858e+01
1.038399000000000072e+01 4.700289000000000073e+01
1.039957000000000065e+01 4.699994999999999834e+01
1.042890000000000050e+01 4.697731999999999886e+01
1.042816000000000010e+01 4.695967000000000269e+01
1.045659999999999989e+01 4.695580000000000354e+01
1.049193999999999960e+01 4.693876000000000204e+01
1.048881000000000085e+01 4.691407000000000238e+01
1.046951999999999927e+01 4.688490999999999786e+01
1.047397999999999918e+01 4.687275999999999954e+01
1.047255000000000003e+01 4.684745000000000203e+01
1.046186999999999934e+01 4.682918000000000092e+01
1.046179000000000059e+01 4.681593999999999767e+01
1.045114000000000054e+01 4.679986000000000246e+01
1.043266999999999989e+01 4.679491000000000156e+01
1.042946000000000062e+01 4.679010000000000247e+01
1.044562999999999953e+01 4.677340999999999838e+01
1.044650999999999996e+01 4.675394000000000005e+01
1.040635999999999939e+01 4.673328000000000060e+01
1.042164000000000001e+01 4.672055999999999898e+01
1.042137999999999920e+01 4.671410999999999802e+01
1.041621999999999915e+01 4.670557000000000158e+01
1.040559000000000012e+01 4.670317000000000007e+01
1.039031999999999911e+01 4.668178000000000338e+01
1.040549000000000035e+01 4.663989999999999725e+01
1.044758000000000031e+01 4.664491000000000298e+01
1.049583999999999939e+01 4.661746000000000123e+01
1.048831999999999987e+01 4.660473000000000354e+01
1.048952000000000062e+01 4.658570999999999884e+01
1.047879000000000005e+01 4.656629000000000218e+01
1.048133999999999943e+01 4.655724000000000018e+01
1.047478000000000087e+01 4.654131999999999891e+01
1.046362000000000059e+01 4.653900000000000148e+01
1.045262999999999920e+01 4.652712999999999965e+01
1.041792000000000051e+01 4.654816999999999894e+01
1.039681999999999995e+01 4.654102000000000317e+01
1.035344000000000086e+01 4.655246999999999957e+01
1.033852000000000082e+01 4.653990000000000293e+01
1.032572000000000045e+01 4.654840000000000089e+01
1.031211000000000055e+01 4.654386999999999830e+01
1.029547999999999952e+01 4.654713000000000278e+01
1.028514000000000017e+01 4.656781999999999755e+01
1.026868999999999943e+01 4.657435000000000258e+01
1.025403999999999982e+01 4.656851000000000340e+01
1.024398000000000053e+01 4.657336000000000098e+01
1.023746000000000045e+01 4.659291999999999945e+01
1.025406000000000084e+01 4.661086000000000240e+01
1.023710999999999949e+01 4.663134999999999764e+01
1.022606999999999999e+01 4.662662999999999869e+01
1.021568000000000076e+01 4.661448000000000036e+01
1.018915999999999933e+01 4.662246999999999986e+01
1.012817000000000078e+01 4.660229000000000354e+01
1.010427999999999926e+01 4.660772999999999655e+01
1.010030000000000072e+01 4.659452999999999889e+01
1.010305999999999926e+01 4.658086999999999733e+01
1.009671999999999947e+01 4.657455999999999818e+01
1.008425000000000082e+01 4.657249000000000194e+01
1.008787000000000056e+01 4.656562000000000268e+01
1.007421000000000078e+01 4.655702999999999747e+01
1.007014999999999993e+01 4.654818000000000211e+01
1.004691000000000045e+01 4.653911000000000087e+01
1.005611999999999995e+01 4.653296999999999883e+01
1.005678999999999945e+01 4.651879000000000275e+01
1.005391000000000012e+01 4.651153000000000048e+01
1.004582000000000086e+01 4.650748999999999711e+01
1.005178000000000083e+01 4.649967999999999790e+01
1.004579000000000022e+01 4.647977000000000203e+01
1.005386000000000024e+01 4.647382999999999953e+01
1.005715000000000003e+01 4.646419999999999817e+01
1.004388999999999932e+01 4.644501000000000346e+01
1.005791999999999931e+01 4.644330999999999676e+01
1.006339000000000006e+01 4.642981000000000336e+01
1.007761999999999958e+01 4.643119000000000085e+01
1.008315999999999946e+01 4.642463999999999658e+01
1.009853000000000023e+01 4.642441999999999780e+01
1.010688999999999993e+01 4.643117999999999768e+01
1.011558999999999919e+01 4.642884000000000100e+01
1.012922000000000011e+01 4.643484000000000123e+01
1.014446000000000048e+01 4.643101000000000056e+01
1.015135000000000076e+01 4.641673000000000116e+01
1.016197000000000017e+01 4.641812999999999789e+01
1.016855999999999938e+01 4.640870000000000317e+01
1.016417999999999999e+01 4.638566999999999751e+01
1.014279999999999937e+01 4.638298999999999950e+01
1.013077000000000005e+01 4.637617999999999796e+01
1.013179000000000052e+01 4.635943000000000325e+01
1.011175000000000068e+01 4.634951999999999828e+01
1.010816999999999943e+01 4.633704999999999785e+01
1.011902000000000079e+01 4.631609999999999872e+01
1.013998999999999917e+01 4.630749999999999744e+01
1.014241999999999955e+01 4.630096000000000345e+01
1.015699000000000041e+01 4.629406999999999783e+01
1.017941000000000074e+01 4.625898999999999717e+01
1.014772999999999925e+01 4.622838000000000136e+01
1.013325000000000031e+01 4.622220000000000084e+01
1.009468999999999994e+01 4.622560000000000002e+01
1.007030999999999921e+01 4.621417999999999893e+01
1.004204000000000008e+01 4.622735999999999734e+01
1.004199000000000019e+01 4.623264000000000351e+01
1.005123999999999995e+01 4.623772000000000304e+01
1.005715000000000003e+01 4.624996999999999758e+01
1.005322999999999922e+01 4.626388000000000034e+01
9.993525999999999243e+00 4.628300000000000125e+01
9.988695999999999131e+00 4.629607000000000028e+01
9.996499000000000024e+00 4.630250000000000199e+01
9.996337000000000472e+00 4.631089999999999662e+01
9.977296000000000831e+00 4.632287000000000177e+01
9.992148999999999504e+00 4.634931999999999874e+01
9.983909999999999840e+00 4.634908000000000072e+01
9.962863000000000469e+00 4.636131000000000313e+01
9.952890999999999266e+00 4.637624999999999886e+01
9.935632000000000019e+00 4.637203000000000230e+01
9.932814000000000476e+00 4.636560999999999666e+01
9.925193999999999406e+00 4.636299999999999955e+01
9.906541000000000707e+00 4.637753000000000014e+01
9.869325999999999155e+00 4.635954999999999870e+01
9.834165999999999741e+00 4.635793999999999926e+01
9.821065000000000822e+00 4.634779999999999944e+01
9.777525000000000688e+00 4.633189999999999742e+01
9.737432000000000087e+00 4.634756000000000142e+01
9.727195999999999287e+00 4.634089000000000169e+01
9.729796000000000333e+00 4.633138999999999896e+01
9.720634000000000441e+00 4.632408000000000214e+01
9.728975999999999402e+00 4.632016999999999740e+01
9.727221999999999369e+00 4.630883000000000038e+01
9.715754000000000445e+00 4.629086000000000212e+01
9.710103999999999402e+00 4.628905000000000314e+01
9.688015999999999295e+00 4.629064000000000334e+01
9.675686999999999927e+00 4.629948000000000263e+01
9.670548000000000144e+00 4.629348000000000241e+01
9.634026999999999674e+00 4.628322000000000003e+01
9.617791000000000423e+00 4.628461999999999676e+01
9.608366999999999436e+00 4.629133000000000209e+01
9.578474999999999184e+00 4.629227999999999810e+01
9.557762999999999565e+00 4.630348000000000042e+01
9.548401999999999390e+00 4.629966000000000292e+01
9.516128999999999394e+00 4.632518999999999920e+01
9.494331000000000742e+00 4.636207000000000278e+01
9.458487999999999118e+00 4.637476999999999805e+01
9.463587000000000415e+00 4.639663999999999788e+01
9.451439999999999841e+00 4.642054000000000258e+01
9.457176999999999722e+00 4.644301000000000101e+01
9.456353000000000009e+00 4.646421999999999741e+01
9.462118999999999502e+00 4.646902000000000044e+01
9.460634999999999906e+00 4.647740999999999900e+01
9.448211999999999833e+00 4.647735999999999734e+01
9.446125000000000327e+00 4.648434000000000310e+01
9.458000999999999436e+00 4.648760000000000048e+01
9.458180000000000476e+00 4.650446999999999775e+01
9.436940999999999136e+00 4.649582000000000193e+01
9.428243999999999403e+00 4.648814999999999742e+01
9.426505999999999830e+00 4.647422000000000253e+01
9.409544000000000352e+00 4.646381999999999834e+01
9.388384999999999536e+00 4.647050999999999732e+01
9.382464999999999833e+00 4.647981000000000051e+01
9.374411999999999523e+00 4.648243999999999687e+01
9.365525999999999129e+00 4.649325999999999937e+01
9.370222000000000051e+00 4.650164999999999793e+01
9.363269000000000730e+00 4.650612999999999886e+01
9.355660999999999561e+00 4.650130000000000052e+01
9.311348999999999876e+00 4.650104000000000326e+01
9.284333999999999421e+00 4.649389000000000038e+01
9.277931999999999846e+00 4.648275000000000290e+01
9.276818999999999704e+00 4.646670999999999907e+01
9.280879000000000545e+00 4.646018999999999721e+01
9.267423000000000854e+00 4.644879000000000246e+01
9.252829000000000192e+00 4.644639999999999702e+01
9.250947999999999283e+00 4.643560000000000088e+01
9.283557000000000059e+00 4.641443999999999903e+01
9.285434000000000410e+00 4.640438000000000329e+01
9.279619999999999536e+00 4.639442999999999984e+01
9.287416999999999589e+00 4.638539999999999708e+01
9.280018999999999352e+00 4.636952000000000140e+01
9.284387999999999863e+00 4.636070000000000135e+01
9.298813000000000883e+00 4.635712999999999795e+01
9.302889000000000408e+00 4.634308999999999656e+01
9.295225000000000293e+00 4.633606000000000336e+01
9.302877999999999759e+00 4.632616999999999763e+01
9.297138000000000346e+00 4.631557999999999709e+01
9.285380999999999219e+00 4.630908999999999764e+01
9.287025999999999115e+00 4.629507999999999868e+01
9.262437999999999505e+00 4.627682999999999680e+01
9.255164000000000613e+00 4.626545999999999736e+01
9.251018999999999437e+00 4.623241000000000156e+01
9.224498999999999782e+00 4.622661000000000087e+01
9.221000000000000085e+00 4.621231999999999829e+01
9.204478999999999189e+00 4.620606000000000080e+01
9.197359000000000506e+00 4.617826000000000164e+01
9.185390999999999195e+00 4.616798000000000002e+01
9.162663999999999476e+00 4.616803000000000168e+01
9.158571999999999491e+00 4.615975000000000250e+01
9.136727999999999739e+00 4.615091999999999928e+01
9.122415000000000163e+00 4.613204000000000349e+01
9.076269999999999172e+00 4.611663000000000068e+01
9.092627999999999489e+00 4.608736999999999995e+01
9.081595000000000084e+00 4.607397999999999882e+01
9.078476000000000212e+00 4.606163999999999703e+01
9.050129000000000090e+00 4.605944999999999823e+01
9.021442999999999657e+00 4.604872999999999905e+01
9.012299000000000504e+00 4.603569999999999851e+01
9.012166999999999817e+00 4.602861999999999654e+01
9.025199999999999889e+00 4.601803000000000310e+01
9.031478999999999147e+00 4.599246999999999730e+01
9.014172000000000295e+00 4.598492000000000246e+01
9.009437999999999391e+00 4.597767000000000337e+01
8.998825999999999325e+00 4.597715999999999781e+01
8.996138000000000190e+00 4.596898999999999802e+01
9.016356999999999289e+00 4.596220000000000283e+01
9.020120999999999611e+00 4.594895999999999958e+01
9.016799000000000675e+00 4.594368999999999659e+01
9.024888000000000687e+00 4.593934999999999746e+01
9.023447000000000884e+00 4.593205999999999989e+01
9.061308999999999614e+00 4.592347000000000179e+01
9.062450000000000117e+00 4.591817999999999955e+01
9.078417999999999211e+00 4.591355999999999682e+01
9.079428000000000054e+00 4.590312000000000126e+01
9.087616999999999834e+00 4.590500000000000114e+01
9.091767000000000820e+00 4.590035999999999916e+01
9.079135000000000844e+00 4.588206000000000273e+01
9.067754000000000758e+00 4.587288999999999817e+01
9.058507000000000531e+00 4.587214999999999776e+01
9.053107000000000681e+00 4.586113000000000284e+01
9.054634000000000071e+00 4.585282999999999731e+01
9.038956000000000657e+00 4.583903000000000105e+01
9.036713000000000662e+00 4.582113999999999976e+01
9.011445999999999401e+00 4.581616999999999962e+01
